File: pulse_724501468.ar Src: J1239+2453 Nsub: 1 Nch: 1 Npol: 4 Nbin: 512 RMS: 0.0507413
MJD(mid): 58123.442483941205 Tsub: 1.382 Freq: 1380.000 BW: -800
0 0 0 -0.0253403 -0.0176774 -0.00153624 -0.0345789
0 0 1 -0.00708537 -0.00472246 0.0300361 -0.067612
0 0 2 -0.00800821 -0.0270943 0.00115277 -0.023507
0 0 3 -0.0614814 -0.018054 -0.0461486 0.017924
0 0 4 0.00160404 -0.00962448 -0.049294 0.0381641
0 0 5 0.0260414 -0.0209969 0.0227302 -0.00234607
0 0 6 -0.0151653 -0.00639879 0.0260258 -0.0445683
0 0 7 -0.0918085 -0.0224856 -0.0122556 -0.0121545
0 0 8 -0.0254333 0.0191532 0.017113 -0.00334597
0 0 9 0.00124364 -0.00580307 0.0222979 -0.0352971
0 0 10 -0.041752 -0.0399304 0.0123351 -0.0247216
0 0 11 0.0558438 -2.82955e-05 -0.0204346 -0.0157127
0 0 12 0.025708 0.0192028 -0.0841128 0.0532202
0 0 13 0.11049 0.00813621 -0.00409178 0.0133318
0 0 14 0.0338508 -0.0161751 0.000980973 -0.0302805
0 0 15 -0.0123544 -0.0139008 -0.0404034 0.0529106
0 0 16 0.0693574 -0.00370693 -0.0115637 0.00430658
0 0 17 0.0338587 -0.0162069 0.00430355 0.00291889
0 0 18 0.0329608 0.0125279 0.0134265 0.0148383
0 0 19 -0.0284935 -0.0186642 0.0121716 0.0127107
0 0 20 -0.083194 -0.0330781 -0.0044172 0.0119007
0 0 21 -0.0455558 -0.00495051 0.0153698 0.0132872
0 0 22 0.0380993 0.028868 0.0301111 -0.000185399
0 0 23 -0.0430314 -0.0573663 0.0262829 -0.00175894
0 0 24 -0.00181061 -0.0219639 0.0159995 -0.00202289
0 0 25 0.00569589 0.017906 -0.0832063 0.0253966
0 0 26 0.0807935 0.024316 -0.0391669 0.0392093
0 0 27 0.0157994 -0.00418058 0.0474672 -0.0418782
0 0 28 -0.0092064 -0.0101277 0.00564502 -0.00610744
0 0 29 -0.020299 -0.00208146 -0.00669365 -0.0102151
0 0 30 0.0396821 0.0449596 -0.0516078 0.0212229
0 0 31 0.0161834 -0.0161238 0.0224062 0.00695522
0 0 32 -0.0417494 -0.0109949 0.011259 4.33945e-05
0 0 33 -0.0819819 -0.00891699 0.00308039 -0.000527961
0 0 34 -0.0529649 0.0230828 0.0413749 -0.00196837
0 0 35 -0.0707861 0.00748126 0.0125072 -0.00983951
0 0 36 -0.021072 -0.0357565 0.0218985 -0.0111852
0 0 37 -0.0182876 0.0159317 -0.013775 0.0123434
0 0 38 -0.00814369 0.0245905 -0.0890082 0.0703214
0 0 39 0.0890724 0.0353551 0.0170339 0.0110308
0 0 40 -0.0414949 -0.0226684 0.0311572 -0.0399876
0 0 41 -0.0450569 -0.017738 0.0171338 0.0181275
0 0 42 -0.00392192 0.0042991 -0.0548802 0.0330006
0 0 43 0.0317153 0.0155087 -0.0353706 0.0630642
0 0 44 0.0415595 -0.0100449 0.0109668 0.0112327
0 0 45 -0.0370944 0.00303208 -0.00341914 0.00561105
0 0 46 0.0054729 -0.00216624 0.0269948 -0.0714596
0 0 47 0.0377258 0.0404217 0.0464285 -0.0862549
0 0 48 0.160288 0.0625627 0.0567597 -0.0792159
0 0 49 0.00251231 0.000996287 0.0265356 -0.0617672
0 0 50 -0.0843952 -0.00709803 0.0120033 -0.0136572
0 0 51 0.000495193 0.0434259 -0.0809896 0.0339324
0 0 52 0.0729484 0.00761611 -0.0365091 0.00577336
0 0 53 0.00118965 -0.00171415 0.0191797 -0.0103092
0 0 54 -0.00285059 0.0107686 -0.00322207 0.00411713
0 0 55 0.00271751 0.0220169 -0.070207 0.0548675
0 0 56 0.0622021 0.01422 0.00226938 0.0662977
0 0 57 0.0363731 -0.0184477 -0.0178635 0.00811349
0 0 58 0.0421423 -0.00846942 0.0344583 -0.00569508
0 0 59 -0.0173821 -0.0296817 0.0175738 0.000805661
0 0 60 -0.0537028 -0.000570905 0.02857 3.33307e-05
0 0 61 0.0328743 0.00116774 0.0156123 -0.0151
0 0 62 -0.0233931 -0.00953919 0.0362195 -0.000488372
0 0 63 -0.072997 0.0273262 0.0405092 0.000305494
0 0 64 -0.045708 0.0100859 0.0264385 -0.0111878
0 0 65 -0.015171 -0.00348092 0.028791 -0.0171355
0 0 66 0.0207233 -0.0265863 0.0455887 -0.0172198
0 0 67 0.0170361 0.0364952 0.00432458 -0.00219022
0 0 68 0.0290541 0.0291058 -0.0862708 0.0591512
0 0 69 0.141801 0.0447424 -0.00573383 0.0525904
0 0 70 0.00506907 0.00473052 0.0185626 0.0122392
0 0 71 -0.101078 -0.0233167 -0.000914074 0.00372607
0 0 72 -0.0402037 -0.0023551 0.022852 0.00880444
0 0 73 -0.020553 -0.00248526 0.0214868 -0.0500155
0 0 74 0.0220289 -0.0427251 0.0193742 -0.000846254
0 0 75 -0.0410934 0.0233939 0.012781 0.0130128
0 0 76 -0.0302572 0.0252458 -0.0655819 0.0508444
0 0 77 0.0726912 0.00238271 0.0113097 -0.0017228
0 0 78 0.0267271 -0.00728724 -0.0142433 -0.0183044
0 0 79 0.0207709 0.010369 -0.0599538 0.0518918
0 0 80 0.106099 0.0166356 -0.00692517 0.0442064
0 0 81 0.0777432 0.0247453 0.0166931 0.0285756
0 0 82 0.0956855 0.0262113 0.0314603 0.0542875
0 0 83 0.0507889 0.0186393 0.0255981 0.0126986
0 0 84 0.0589101 0.0114378 0.0179 -0.00657245
0 0 85 -0.0305218 3.16151e-05 0.0165116 0.00671907
0 0 86 -0.0149432 -0.00748817 0.0521658 0.00713254
0 0 87 -0.0659607 -0.00815166 -0.00453416 -0.0055028
0 0 88 0.0209216 0.00961386 0.0147504 0.000441186
0 0 89 -0.027895 -0.0181764 0.0159367 -0.00704107
0 0 90 -0.00435416 -0.0127952 0.0250611 -0.0266646
0 0 91 -0.0280665 0.0161853 -0.0585086 0.020112
0 0 92 0.102483 0.0301722 -0.066111 0.0812219
0 0 93 0.133729 0.0437784 -0.0257351 0.0451156
0 0 94 0.125484 0.0378377 0.0137511 0.0490119
0 0 95 0.0899663 0.0140476 -0.00631221 0.0409268
0 0 96 0.0227578 0.00567424 0.0327264 0.023468
0 0 97 0.000509586 -0.0398722 -0.0047629 0.0164085
0 0 98 0.0273126 0.0234251 0.0164753 0.00556819
0 0 99 -0.0116346 0.00861852 0.0389648 -0.0151643
0 0 100 0.0255867 -0.0291056 0.0106732 0.0120479
0 0 101 -0.0392382 0.00152086 0.00650124 -0.00149828
0 0 102 -0.00276982 0.024979 -0.0820431 0.0780726
0 0 103 0.0709846 0.0130757 0.000438734 0.0457772
0 0 104 -0.0144263 0.000797601 0.0120075 0.0154479
0 0 105 0.0305095 0.00843922 0.0149525 0.0116216
0 0 106 0.0241148 -0.00661971 0.0205498 0.00118005
0 0 107 -0.0306157 -0.0308845 0.00719657 -0.0133249
0 0 108 0.0657842 -0.0176796 -0.0396543 0.0503579
0 0 109 -0.0124652 0.0114614 -0.0672504 0.0582435
0 0 110 0.134318 -0.0144101 -0.00505213 0.0286118
0 0 111 0.000710966 0.0144098 0.016433 -0.0155966
0 0 112 0.0497339 0.00840841 0.0406362 -0.0113323
0 0 113 0.0876511 0.00254407 -0.0245744 -0.0559948
0 0 114 0.103879 0.0231614 -0.0404855 -0.0588261
0 0 115 0.170407 0.0718378 -0.100833 0.00268516
0 0 116 0.141848 0.0299456 0.0201593 0.0116684
0 0 117 0.00940983 0.0191658 -0.00765551 0.0161589
0 0 118 0.0334615 0.0180436 0.00461285 -0.0320516
0 0 119 0.0235593 0.00544205 -0.000997473 0.0190474
0 0 120 0.0504053 0.00692754 0.0102045 0.01899
0 0 121 0.0354352 0.00551196 -0.0110561 0.00738238
0 0 122 -0.0223826 -0.0111313 0.0323045 0.0104337
0 0 123 0.0429195 -0.0247174 0.0142717 0.0377725
0 0 124 0.118486 0.0237342 0.0300296 0.00400798
0 0 125 0.0457981 0.0104011 0.0327206 0.00422716
0 0 126 0.0386834 0.0162012 0.0283811 0.0248229
0 0 127 0.0200953 0.0786054 -0.0588816 0.0274836
0 0 128 0.134 0.0990759 -0.0354026 0.0559376
0 0 129 0.0913911 0.0395264 0.0274362 -0.017402
0 0 130 -0.000817095 -0.000374269 0.0430784 -0.00697859
0 0 131 0.08349 0.0152534 0.0285478 0.0107921
0 0 132 0.0961355 0.00449149 -0.0198441 0.0227334
0 0 133 0.101831 0.0253548 -0.0355958 0.0487723
0 0 134 0.13039 0.0310496 -0.00607572 0.0607625
0 0 135 0.0362175 0.0131147 0.020036 0.0464303
0 0 136 0.120901 -0.0192578 0.00525767 0.00286363
0 0 137 -0.0567545 0.0391194 0.0187227 0.00440899
0 0 138 0.00899347 0.00190666 0.0283011 -0.0390719
0 0 139 0.0119403 -0.0215951 0.000564314 -0.00509499
0 0 140 0.0494117 0.0204512 -0.00646501 -0.00250536
0 0 141 0.0559617 0.00897335 -0.12253 0.0460801
0 0 142 0.129536 0.0297862 0.0276228 -0.0265925
0 0 143 0.0209809 0.012036 -0.0452272 0.0343753
0 0 144 0.143713 0.0228114 -0.0172467 0.00353544
0 0 145 0.11835 0.0237686 -0.0252246 0.0268876
0 0 146 0.153314 0.0100237 -0.0131414 0.0420711
0 0 147 0.0951248 0.011265 -0.0214982 0.0287241
0 0 148 0.118565 -0.0325604 0.00427774 0.00191498
0 0 149 0.0393911 -0.0167143 -0.00599165 -0.0287463
0 0 150 0.0178355 -0.00330695 -0.0311757 -0.01447
0 0 151 -0.0179319 -0.0182471 -0.0192038 0.00518897
0 0 152 0.0355908 0.0171574 0.0235063 0.00607102
0 0 153 0.0317335 0.00626172 -0.0235251 -0.0148107
0 0 154 0.0752361 -0.0120031 -0.0116831 -0.00600055
0 0 155 0.0986573 0.0318521 -0.0393681 -0.015206
0 0 156 0.22086 0.0386525 -0.119215 0.0735036
0 0 157 0.218223 0.0472328 -0.0209234 0.034771
0 0 158 0.164057 0.0539581 -0.00669478 0.0507024
0 0 159 0.0887437 -0.0605865 -0.01412 0.0400262
0 0 160 0.278232 -0.0410683 -0.031463 0.0325243
0 0 161 0.169525 -0.0386401 -0.0337099 0.0281601
0 0 162 0.0945658 -0.00521105 -0.0102762 -0.0275032
0 0 163 -0.057002 -0.0256277 0.00235791 -0.00534078
0 0 164 0.0362053 0.0232509 0.0243232 0.00776762
0 0 165 0.0447662 -0.00873378 0.00222248 -0.0231006
0 0 166 0.0260761 -0.0422923 -0.0225727 0.000650962
0 0 167 0.0491099 0.0186326 0.0140613 0.00332429
0 0 168 0.094078 0.0271207 -0.112941 0.0534466
0 0 169 0.175475 0.0105736 -0.0236872 0.00901043
0 0 170 0.130645 -0.0156483 -0.0122022 -0.0018378
0 0 171 0.116317 0.0305176 -0.0738033 0.0631359
0 0 172 0.220242 -0.0200242 -0.00418184 0.0178987
0 0 173 0.221766 0.00610751 0.0228595 0.0735792
0 0 174 -0.00165635 -0.00323278 -0.00821886 0.0111561
0 0 175 0.0196747 -0.0179761 -0.0145798 -0.0144356
0 0 176 0.0508416 0.0149602 0.0280382 0.0328268
0 0 177 0.0263565 0.00393701 0.0103054 -0.0330931
0 0 178 -0.00674174 -0.010018 0.026282 0.01551
0 0 179 0.0244399 0.0144087 -0.0498388 0.00472317
0 0 180 0.195297 0.0194168 -0.122706 -0.0531043
0 0 181 0.181209 -0.0110234 -0.072816 -0.0717301
0 0 182 0.136752 0.00995899 -0.0760727 -0.0707538
0 0 183 0.100664 0.0171908 -0.00844228 -0.0489817
0 0 184 0.0918174 -0.0278695 -0.0213036 -0.0233036
0 0 185 0.196737 -0.0117985 -0.045654 -0.0260031
0 0 186 0.176226 0.0261057 -0.134088 0.0481245
0 0 187 0.27004 0.0293223 -0.107489 0.00850832
0 0 188 0.0750641 -0.0349876 -0.0313455 -0.00937625
0 0 189 0.0335876 0.0161956 -0.0179883 0.0147053
0 0 190 0.183737 -9.55755e-05 -0.0565749 -0.01883
0 0 191 0.16196 -0.023706 -0.0393897 -0.0440943
0 0 192 0.221562 -0.00436024 -0.119139 -0.0171201
0 0 193 0.253757 0.0751822 -0.205375 0.00440429
0 0 194 0.236547 0.0340668 -0.126908 -0.0158997
0 0 195 0.18268 0.025926 -0.0263128 -0.0209023
0 0 196 0.22917 0.0394479 -0.117302 -0.0683378
0 0 197 0.225288 0.0513267 -0.124163 -0.00287416
0 0 198 0.270157 0.0316468 -0.146839 -0.00386791
0 0 199 0.141774 0.0136694 -0.060618 0.00549891
0 0 200 0.12002 0.0465831 -0.0616494 -0.0353631
0 0 201 0.101851 0.00808886 -0.0868132 -0.0167681
0 0 202 0.169302 0.0239626 -0.0329114 -0.0499337
0 0 203 0.129487 -0.0026538 -0.0346772 -0.0623118
0 0 204 0.124822 -0.00252852 -0.0862079 -0.0307702
0 0 205 0.0931474 -0.00890657 -0.125757 -0.0105143
0 0 206 0.147047 0.0297815 -0.144419 0.021361
0 0 207 0.163714 0.0244891 0.00372353 -0.0491541
0 0 208 0.0907051 -0.0193532 -0.0384088 -0.0313923
0 0 209 0.0760531 -0.0159963 -0.0361329 -0.0327829
0 0 210 0.0868953 0.00567768 -0.108174 0.0331325
0 0 211 0.118093 0.0242113 -0.0631001 0.0622409
0 0 212 0.149028 0.0233093 -0.0520396 -0.0196878
0 0 213 0.124983 0.000457379 -0.0304409 -0.060883
0 0 214 0.0997022 0.0444888 -0.063777 -0.0322657
0 0 215 0.0524599 0.0116206 -0.0283018 -0.0169596
0 0 216 0.154707 0.0311424 -0.0751961 -0.0564349
0 0 217 0.148605 0.0681222 -0.0659101 -0.0560692
0 0 218 0.153707 0.0610597 -0.095448 -0.0708183
0 0 219 0.172444 0.104163 -0.0486197 -0.0492295
0 0 220 0.192073 0.0457968 -0.0147225 -0.0906707
0 0 221 0.186483 0.0603356 -0.0447642 -0.0693777
0 0 222 0.235012 0.0784279 -0.0787133 -0.0698084
0 0 223 0.241141 0.0878821 -0.1133 0.0403931
0 0 224 0.359068 0.120034 -0.0864707 -0.0286663
0 0 225 0.181063 0.0830287 -0.0605236 -0.0228801
0 0 226 0.114089 0.0383642 -0.0197779 -0.0113221
0 0 227 0.204117 0.0833143 -0.00754184 -0.068141
0 0 228 0.136265 0.0588533 0.00880642 -0.0266931
0 0 229 0.090794 0.0828878 -0.000726755 -0.0578536
0 0 230 0.0868802 0.0488686 -0.0241983 -0.0093225
0 0 231 0.012393 0.0162102 0.0150909 0.0295007
0 0 232 0.0431531 0.00284262 0.00609362 -0.0411522
0 0 233 0.0773061 0.020901 0.000425472 -0.0222677
0 0 234 0.141745 0.0653351 -0.101057 0.0108416
0 0 235 0.223442 0.0596331 -0.11497 0.040702
0 0 236 0.264541 0.0760129 -0.0623294 0.00481052
0 0 237 0.162521 0.0589994 -0.0766988 0.00595951
0 0 238 0.192666 0.0328 -0.062013 -0.00413785
0 0 239 0.164966 0.0532965 -0.0933954 0.0121721
0 0 240 0.0453898 0.00927498 -0.0578497 -0.00869098
0 0 241 0.0481691 0.0404602 -0.0270757 -0.0532182
0 0 242 0.217832 0.0516327 -0.110992 -0.0636
0 0 243 0.316416 0.119684 -0.138976 -0.0280506
0 0 244 0.345478 0.11976 -0.164668 0.0871387
0 0 245 0.11228 0.00929826 -0.103466 0.138086
0 0 246 0.13864 0.00163691 0.00858996 -0.078672
0 0 247 0.0118819 -0.0289059 -0.0381278 -0.0396927
0 0 248 0.039518 0.0424987 -0.0269844 -0.0650386
0 0 249 -0.0283866 0.011504 -0.0864225 0.0342903
0 0 250 0.0705301 0.0292274 0.00387506 0.0340154
0 0 251 -0.0304699 -0.00330934 -0.0053079 0.0470049
0 0 252 -0.000280496 0.0138957 0.00459869 0.0189271
0 0 253 -0.0611561 -0.0263396 0.0123342 0.00756938
0 0 254 -0.0500108 0.00035569 0.0160422 -0.00291825
0 0 255 -0.073545 0.00883202 -0.00116551 -0.00133937
0 0 256 -0.0167811 0.0503493 0.0297428 -0.000863128
0 0 257 -0.0692907 0.0142844 -0.0082145 -0.00349539
0 0 258 -0.0655559 0.0109446 -0.0183531 0.0142834
0 0 259 -0.0954132 -0.0128997 0.0209162 0.00114216
0 0 260 -0.0216859 0.000968193 0.0280578 -0.0292187
0 0 261 -0.0564531 0.00976438 0.0278498 -0.0154004
0 0 262 -0.0186462 0.0366294 -0.0272539 0.0124143
0 0 263 0.00953838 0.0201412 -0.100257 0.0667801
0 0 264 0.0886655 0.0308234 0.00276731 0.0590241
0 0 265 -0.0403952 0.0186 -0.0134142 0.022065
0 0 266 -0.0809081 -0.0134952 -0.00128413 0.0144761
0 0 267 -0.0389984 -0.00243879 0.0272054 -0.00690836
0 0 268 -0.0341502 0.00747148 0.0169556 -0.0492142
0 0 269 -0.0764387 -0.0266982 0.0141895 0.00358575
0 0 270 -0.0628891 -0.00550533 -0.0385281 0.00734887
0 0 271 -0.0339665 0.010774 -0.0816006 0.0544631
0 0 272 0.0397602 0.0206306 0.0262633 -0.0320162
0 0 273 -0.103013 -0.0480238 0.00690744 0.00678765
0 0 274 -0.032038 0.0147203 0.0192503 -0.0239859
0 0 275 -0.0186514 0.0224828 -0.104107 0.0534229
0 0 276 0.077265 0.0521377 -0.00931232 0.035269
0 0 277 -0.0526643 -0.00518365 -0.000271217 0.00824664
0 0 278 -0.0665893 -0.0207769 -0.00256378 0.0160108
0 0 279 -0.104519 -0.0286081 0.000906629 -0.0117982
0 0 280 -0.0559618 0.0136649 0.0238405 -0.00732645
0 0 281 -0.098947 -0.0327639 -0.00617678 -0.00250973
0 0 282 -0.0163864 0.0212653 0.0233787 -0.0126502
0 0 283 -0.0457919 0.0246377 -0.056948 0.019368
0 0 284 -0.00365107 -0.000874198 -0.0345272 0.048265
0 0 285 -0.0736309 -0.000500681 -0.0236971 -0.00651383
0 0 286 -0.00836176 0.00348284 -0.0501388 0.0374515
0 0 287 0.0389223 0.0157694 0.00384621 -0.0221777
0 0 288 -0.00427712 -0.0180212 0.00652431 -0.0135664
0 0 289 -0.0219675 0.0254419 -0.0244365 -0.0315039
0 0 290 0.149757 0.0250759 -0.0606663 0.098978
0 0 291 0.418707 0.144277 0.0976853 0.149548
0 0 292 0.195624 0.0384022 0.0300184 0.0610843
0 0 293 0.495124 0.150102 0.13016 0.116178
0 0 294 0.528564 0.118718 0.0588758 0.129531
0 0 295 0.553306 0.100787 0.0903595 0.0456835
0 0 296 0.538923 0.0556367 0.0656105 0.0988126
0 0 297 0.470042 0.0543664 0.0157897 0.0636565
0 0 298 0.271012 0.0303436 0.0545241 -0.00709348
0 0 299 0.404506 -0.0556478 0.0729524 -0.0294669
0 0 300 0.459103 -0.0369977 0.055524 -0.0228876
0 0 301 0.53133 -0.0946619 0.0968291 -0.0569333
0 0 302 0.409647 -0.0619724 0.0574785 0.00700319
0 0 303 0.218537 -0.0392465 0.0519469 -0.0296342
0 0 304 0.410173 -0.12182 0.0835774 -0.0548241
0 0 305 0.471289 -0.136135 0.0957822 -0.0326794
0 0 306 0.51181 -0.0782303 0.12694 -0.00926901
0 0 307 0.442109 -0.0978806 0.134198 -0.0180156
0 0 308 0.558413 -0.0959412 0.109237 -0.00909638
0 0 309 0.531231 -0.0711153 0.0427984 0.0376312
0 0 310 0.565215 -0.0229063 0.0212454 0.0706754
0 0 311 0.476155 -0.0415069 0.099212 0.0296276
0 0 312 0.395266 -0.0180284 0.0579157 0.0159052
0 0 313 0.267949 -0.0365661 0.0605678 -0.0146053
0 0 314 0.342415 -0.0325054 0.050328 -0.0981557
0 0 315 0.49148 -0.0319399 0.0487518 -0.0460004
0 0 316 0.440853 0.0648981 -0.0516449 0.0261515
0 0 317 0.482199 0.0943516 -0.0564629 0.119535
0 0 318 0.300711 0.0475599 0.0109863 -0.00479521
0 0 319 0.323278 0.0844262 -0.0399355 0.0374099
0 0 320 0.569866 0.161527 -0.0488101 0.046603
0 0 321 0.960255 0.230381 -0.0425365 0.0141182
0 0 322 1.36831 0.249215 -0.0846476 0.052896
0 0 323 1.58637 0.293858 -0.0305436 0.0769207
0 0 324 2.13861 0.751671 -0.103464 0.0165358
0 0 325 2.63404 1.01551 -0.0444171 -0.0175026
0 0 326 2.03074 0.485216 -0.0947534 0.117986
0 0 327 1.52682 0.149871 -0.21739 0.0980654
0 0 328 1.29408 0.0503491 -0.0561039 0.0656533
0 0 329 1.02666 0.0573625 -0.0898655 0.0324212
0 0 330 1.26808 0.34635 -0.0603732 0.0632329
0 0 331 1.47511 0.551294 -0.0846926 0.00505752
0 0 332 1.8996 0.626629 -0.0748899 0.0294799
0 0 333 2.48028 0.458599 -0.104317 -0.0140371
0 0 334 3.04669 0.864301 -0.0175114 -0.013989
0 0 335 3.54583 0.726908 -0.0826915 -0.0179322
0 0 336 4.45204 1.18166 -0.00211832 -0.0262831
0 0 337 4.19842 1.61699 -0.0716314 0.00970554
0 0 338 2.10679 0.386031 -0.144312 -0.00327367
0 0 339 0.79389 0.156106 -0.119115 0.0290957
0 0 340 0.497975 0.10695 -0.0944631 -0.00283477
0 0 341 0.296498 0.114258 -0.0851144 0.0235423
0 0 342 0.285693 0.0777856 -0.0835076 -0.00664574
0 0 343 0.140886 0.0555851 -0.0799435 -0.0024451
0 0 344 0.135852 0.0707052 -0.0743004 -0.00326504
0 0 345 0.218816 0.109735 -0.0838754 -0.0328034
0 0 346 0.213696 0.0366241 -0.0506122 -0.0604907
0 0 347 0.225111 0.094398 -0.119507 -0.023725
0 0 348 0.245934 0.0708781 -0.137435 0.00860601
0 0 349 0.187277 0.0621548 -0.0961444 -0.0179874
0 0 350 0.149802 0.0183411 -0.0506009 -0.0573037
0 0 351 0.172941 0.083251 -0.090915 -0.0538108
0 0 352 0.231109 0.0498721 -0.111554 0.044795
0 0 353 0.309935 0.107429 -0.128574 0.0220068
0 0 354 0.159899 0.0564214 -0.0486268 0.0277354
0 0 355 0.129565 0.0553499 -0.0465135 -1.14176e-05
0 0 356 0.203426 0.060225 -0.0804979 -0.00947045
0 0 357 0.134332 0.0753017 -0.058636 -0.0104462
0 0 358 0.222201 0.105695 -0.0238079 -0.00391925
0 0 359 0.133234 0.062053 -0.0267044 -0.0243538
0 0 360 0.213387 0.0376958 -0.0732875 -0.0175876
0 0 361 0.143924 0.0525514 -0.078397 0.00988351
0 0 362 0.226948 0.0960312 -0.111548 0.0347083
0 0 363 0.254599 0.0502967 -0.0289915 -0.0150211
0 0 364 0.183229 0.0477062 -0.0331839 -0.00345638
0 0 365 0.0464004 0.03793 -0.0233697 -0.00965685
0 0 366 0.212916 0.0605656 -0.115389 0.0652389
0 0 367 0.252992 0.0389136 -0.0334989 0.0540053
0 0 368 0.181239 -0.00825045 -0.0287501 -0.00115289
0 0 369 0.122928 0.00350662 0.0209459 0.00988376
0 0 370 -0.00617036 -0.0138704 -0.00530916 -0.00590601
0 0 371 0.106515 0.0380539 0.00593593 -0.0230841
0 0 372 0.222927 0.0512867 0.0275296 -0.0273654
0 0 373 0.173148 0.0271319 -0.0241025 0.00259576
0 0 374 0.269532 0.0604619 -0.00373734 0.0343292
0 0 375 0.232932 0.0642792 -0.104977 0.0217167
0 0 376 0.345899 0.0432691 0.0067066 -0.0264394
0 0 377 0.235364 0.037056 -0.0079716 0.00783808
0 0 378 0.3202 0.0616277 -0.0664004 0.048133
0 0 379 0.294583 0.0603312 -0.0622542 0.00654402
0 0 380 0.262872 -0.00636034 -0.00355469 -0.0124586
0 0 381 0.301189 -0.00145318 -0.0563495 -0.0194429
0 0 382 0.313232 -0.0245576 -0.0130111 -0.0188422
0 0 383 0.188176 0.0117571 -0.0318675 -0.0379097
0 0 384 0.246063 0.0498406 0.00271344 -0.0152218
0 0 385 0.182858 0.0269289 0.000733392 -0.0469428
0 0 386 0.09208 0.00464764 0.000213657 -0.014854
0 0 387 0.185631 0.0352585 -0.038104 -0.0187928
0 0 388 0.259944 0.0446651 -0.145577 0.0315157
0 0 389 0.321178 0.0753304 -0.0396156 0.00781024
0 0 390 0.130719 0.0306784 -0.0239482 0.00889309
0 0 391 0.187994 0.0482988 -0.0254327 -0.00860383
0 0 392 0.192742 0.0524631 -0.00923409 -0.0329336
0 0 393 0.173388 0.0187297 0.00414509 -0.0169462
0 0 394 0.185891 0.0323496 0.0328977 -0.017635
0 0 395 0.157533 0.0405334 -0.0186992 -0.0224303
0 0 396 0.165881 0.0102491 -0.00155325 -0.0164874
0 0 397 0.117148 0.0171048 -0.0203539 -0.0329945
0 0 398 0.0919464 -0.00843938 0.0193585 -0.00697679
0 0 399 0.0202021 0.0187379 -0.0105485 -0.0158579
0 0 400 0.0972372 0.0403049 -0.00456255 -0.0195328
0 0 401 -0.0100093 0.00304115 0.00355359 -0.0296371
0 0 402 0.0421681 -0.0214561 0.00368498 0.0145779
0 0 403 0.0894692 0.0165692 -0.0426238 -0.01437
0 0 404 0.175013 0.042553 -0.0856612 0.0473613
0 0 405 0.167108 0.0225842 -0.0159813 0.0113349
0 0 406 0.0376021 0.0114519 -0.0283724 0.043242
0 0 407 0.0902009 -0.0132737 -0.0400987 -0.0142787
0 0 408 0.109832 0.00956552 0.016858 -0.0077648
0 0 409 0.0832838 0.0226427 0.0102418 -0.0210369
0 0 410 0.0987221 -1.07597e-05 -0.000231522 -0.0247547
0 0 411 0.0355618 -0.0173712 -0.00553315 -0.0171236
0 0 412 0.0328914 -0.0224944 -0.0313015 -0.000943655
0 0 413 -0.000339858 0.0106227 -0.00656036 -0.019994
0 0 414 0.0519832 -0.00771755 -0.0190433 -0.0174628
0 0 415 0.0635171 -0.00189876 -0.00829212 -0.0319725
0 0 416 0.0453203 -0.0197499 -0.0381576 -0.000637884
0 0 417 0.0225223 0.0056369 -0.0999394 0.0242694
0 0 418 0.239338 0.0254055 -0.0986181 0.0363274
0 0 419 0.179832 -0.0270557 -0.0243111 -0.0143166
0 0 420 0.227988 -0.0255368 -0.00653068 0.0105194
0 0 421 0.101487 -0.0517809 -0.00225411 -4.49595e-05
0 0 422 0.0381771 -0.0111616 -0.0149153 -0.00754105
0 0 423 0.166875 -0.0546063 0.0381899 -0.0290808
0 0 424 0.294715 -0.0747281 0.0697265 -0.0286774
0 0 425 0.366214 -0.0676706 0.085355 -0.0333825
0 0 426 0.518873 -0.0851764 0.0878291 -0.00726927
0 0 427 0.56333 -0.0846908 0.0644859 -0.0407832
0 0 428 0.640273 -0.0813447 0.0983481 -0.0797144
0 0 429 0.509711 -0.0938556 0.0479427 -0.0667187
0 0 430 0.615209 -0.0841098 0.0707565 -0.0397581
0 0 431 0.420783 -0.0467698 0.0630642 -0.0472756
0 0 432 0.404935 -0.0378449 0.104667 -0.0544793
0 0 433 0.723835 -0.0337836 0.0927715 -0.158962
0 0 434 0.730289 0.00373672 0.0244914 -0.0379003
0 0 435 0.822858 0.0307995 0.108639 -0.107243
0 0 436 0.87415 -0.000936904 0.126449 -0.207672
0 0 437 0.562185 0.00435439 0.0547139 -0.0810403
0 0 438 0.348639 -0.0245759 0.0559289 -0.139486
0 0 439 0.641103 0.00455572 0.0599519 -0.127012
0 0 440 0.667875 0.0689095 0.129952 -0.104463
0 0 441 0.580562 0.0111487 0.118731 -0.0854535
0 0 442 0.29229 -0.0264508 0.0644363 -0.059849
0 0 443 0.697021 0.0196906 0.0782077 -0.0769254
0 0 444 0.786607 0.0285862 0.0647426 -0.11582
0 0 445 0.780301 0.0155126 0.124778 -0.124886
0 0 446 0.752029 0.0195247 0.0573742 -0.137146
0 0 447 0.696877 0.0283958 0.0288483 -0.145036
0 0 448 0.58352 0.0531808 0.0241923 -0.138772
0 0 449 0.539386 0.0218669 0.131733 -0.115014
0 0 450 0.385918 0.0334781 0.167813 -0.15118
0 0 451 0.309769 0.00294253 0.0992145 -0.117773
0 0 452 0.224898 0.0457378 0.0873296 -0.0660257
0 0 453 0.0136691 0.0236999 0.0183822 -0.058089
0 0 454 0.140605 -0.0104261 0.0976304 -0.0316074
0 0 455 0.155546 0.007212 0.00955219 -0.0250807
0 0 456 0.1883 0.0140751 -0.0777891 -0.00107756
0 0 457 0.237755 0.028271 -0.0592257 0.0136065
0 0 458 0.10868 -0.00427293 -0.0420548 0.0172479
0 0 459 0.0979161 -0.0188625 0.00269435 -0.00633385
0 0 460 0.0861372 -0.0221762 -0.0172158 -0.029578
0 0 461 0.0603449 -0.0101281 -0.011102 -0.0193346
0 0 462 0.0861734 -0.0039598 -0.0278458 -0.0212261
0 0 463 0.0612032 -0.034934 -0.00512597 0.0119234
0 0 464 0.00885085 -0.049377 -0.0297615 0.0115161
0 0 465 0.0221112 -0.0496906 -0.0279532 0.00523942
0 0 466 0.0371252 -0.020205 -0.000905088 -0.0414933
0 0 467 0.0330181 -0.0331355 -0.021189 -0.0192632
0 0 468 -0.00241455 -0.0155922 -0.0316674 -0.046503
0 0 469 0.0522773 -0.00228515 -0.0966909 0.0383291
0 0 470 0.148276 0.00561634 -0.0789066 0.043906
0 0 471 0.161831 0.00319149 -0.0293605 0.0151823
0 0 472 0.130744 -0.00596878 -0.0351318 0.0323044
0 0 473 0.0264868 0.00398128 -0.0260476 0.00531543
0 0 474 -0.0123926 0.0160401 0.00125311 -0.00868855
0 0 475 0.0352774 -0.0218434 -0.0303757 0.000270658
0 0 476 0.0496825 0.00141219 -0.0204377 -0.0188205
0 0 477 -0.0176752 -0.0110566 -0.0468816 -0.0131076
0 0 478 0.00170952 0.0332611 -0.0140694 -0.0261317
0 0 479 0.00723133 0.0135671 0.0155056 -0.0323932
0 0 480 0.0573884 0.00340247 0.005533 -0.0372941
0 0 481 0.0188662 -0.000126867 -0.0119408 -0.0400132
0 0 482 0.0632615 0.0308613 -0.119983 0.0249529
0 0 483 0.0985185 0.0444712 -0.0714223 0.043337
0 0 484 0.067637 0.0149273 -0.0204911 0.0138418
0 0 485 -0.0357243 -0.0187997 -0.0417424 -0.0263395
0 0 486 -0.0141618 0.00459288 -0.0229297 -0.0125682
0 0 487 0.00293039 0.0310227 0.0110847 -0.0310403
0 0 488 0.0261455 0.00497076 0.00329996 -0.0327858
0 0 489 -0.0587447 -0.0110908 -0.00715777 -0.0171582
0 0 490 -0.0149446 -0.00393468 -0.0978476 0.0233183
0 0 491 0.0147341 0.00432903 -0.0806848 0.0329244
0 0 492 0.0323279 0.0335057 -0.0296073 -0.0283006
0 0 493 -0.000558715 0.00410696 -0.0136563 -0.0362591
0 0 494 -0.0439908 0.000829407 -0.0158047 -0.0337721
0 0 495 0.00077177 0.0304965 -0.0548588 -0.000739692
0 0 496 0.0689703 0.0274187 -0.112004 0.00397282
0 0 497 0.108288 0.0191237 -0.0312432 -0.0013383
0 0 498 0.0435138 -0.00684465 -0.02411 -0.0124158
0 0 499 -0.0249905 0.00658147 -0.0145484 -0.0182453
0 0 500 -0.0434161 -0.0276758 -0.039041 -0.0210007
0 0 501 -0.0469104 0.0358085 -0.0321189 -0.0361258
0 0 502 -0.014737 -0.0343544 0.00639624 -0.0560925
0 0 503 -0.0378137 -0.0399175 -0.0155853 -0.00141558
0 0 504 -0.00411713 0.0314094 -0.0429661 -0.0128257
0 0 505 0.00735873 0.0238253 -0.10986 -0.00722337
0 0 506 0.0682443 -0.014759 -0.0057374 -0.0181114
0 0 507 0.00495777 0.0209527 -0.0260632 -0.0195039
0 0 508 0.0615433 0.0451683 -0.0703234 -0.0102094
0 0 509 0.0518794 0.0101991 -0.0671419 0.00435441
0 0 510 0.0468862 0.000435976 -0.0301074 -0.00285552
0 0 511 -0.0460148 -0.0127099 -0.0199792 0.000700115
