File: pulse_724501469.ar Src: J1239+2453 Nsub: 1 Nch: 1 Npol: 4 Nbin: 512 RMS: 0.0497482
MJD(mid): 58123.442499940401 Tsub: 1.382 Freq: 1380.000 BW: -800
0 0 0 0.0409625 0.0369024 -0.0492797 -0.00827126
0 0 1 0.101169 0.0325247 0.0185683 -0.0312779
0 0 2 0.0913935 0.029605 0.106166 0.0117961
0 0 3 0.0661118 -0.00952962 0.084735 0.023945
0 0 4 -0.0120156 -0.0214559 0.0702011 0.0498635
0 0 5 0.0622978 0.0158718 0.0764897 0.0653843
0 0 6 0.0753833 0.0153217 0.0805428 0.0345519
0 0 7 0.00820355 0.00736579 0.0620457 0.0547017
0 0 8 0.0508257 0.0340063 0.0470779 0.0326478
0 0 9 0.135466 0.0245083 -0.0384788 0.103442
0 0 10 0.170599 0.0423451 0.0830385 0.078124
0 0 11 0.117659 0.0095295 0.0773556 0.0580524
0 0 12 0.0249244 0.00310352 0.07318 0.0311148
0 0 13 -0.0324343 -0.0252796 0.0496293 0.0552313
0 0 14 0.0396292 0.0260685 0.0925479 0.0245108
0 0 15 0.0327749 -0.0188326 0.0773889 0.0332146
0 0 16 0.0253496 0.0154659 0.0740054 0.0559867
0 0 17 0.0218518 0.0017291 0.0143756 0.0681599
0 0 18 0.103056 0.0178392 0.00173771 0.106311
0 0 19 0.0778654 0.0216773 0.0706168 0.0638088
0 0 20 0.0228397 0.0143288 0.044128 0.0779095
0 0 21 0.0354138 0.0117439 0.0625733 0.0301327
0 0 22 0.0196947 -0.026938 0.0124962 0.0702516
0 0 23 0.068974 0.00355878 0.056222 0.0544468
0 0 24 0.0634087 0.0173857 0.0180829 0.0697478
0 0 25 0.099116 0.00330104 0.0663691 0.0555365
0 0 26 0.0298411 -0.0106928 0.0621 0.0264066
0 0 27 -0.0101503 -0.0118037 0.0483905 0.0510272
0 0 28 0.01278 0.0205491 0.0930625 0.0374478
0 0 29 -0.0330673 0.00135624 0.0565944 0.0407277
0 0 30 -0.028236 -0.0109194 0.0668747 0.0409901
0 0 31 -0.0588082 -0.0232031 0.0580565 0.0570159
0 0 32 0.00338961 0.0198304 0.0833916 0.0734005
0 0 33 0.00967548 -0.00693574 0.069872 0.0357309
0 0 34 0.000578868 -0.025622 0.087877 0.0387876
0 0 35 0.060491 0.00765611 0.0479134 0.0564361
0 0 36 0.0711775 0.0393911 -0.0382434 0.0852776
0 0 37 0.162528 0.0342304 0.0781748 0.0819704
0 0 38 0.00886205 -0.0122323 0.0689844 0.0547013
0 0 39 -0.018837 -0.0301441 0.049622 0.070301
0 0 40 0.0314962 0.0164487 0.067971 0.0506568
0 0 41 0.051452 0.0139195 0.0971207 -0.00483383
0 0 42 0.0266273 -0.00604601 0.0789412 0.0708838
0 0 43 0.0376174 0.0193335 0.0405239 0.039377
0 0 44 -0.0461604 -0.0210581 -0.043254 0.0922451
0 0 45 0.0587817 0.00683295 0.0354153 0.0485283
0 0 46 0.0118005 0.0166157 0.0871637 0.0205483
0 0 47 0.0497755 0.00845868 0.0929841 0.0198178
0 0 48 0.0328708 -0.0102384 0.0821212 0.0397931
0 0 49 0.0139828 0.0301197 0.0230083 0.055813
0 0 50 0.119032 0.0297362 -0.0377717 0.0838314
0 0 51 0.132854 0.0155752 0.0575802 0.0573957
0 0 52 0.0297825 -0.0123534 0.059913 0.0217366
0 0 53 -0.00668968 -0.0114804 0.0648162 0.0649332
0 0 54 0.0113813 -0.0103917 0.04768 0.038508
0 0 55 0.0514717 0.00922926 0.0760685 0.0242815
0 0 56 0.0173688 -0.039723 0.0545009 0.0310205
0 0 57 0.0760727 -0.00927348 0.0535367 0.0439308
0 0 58 0.0627511 0.0121982 -0.0240912 0.0758952
0 0 59 0.0727683 0.010183 0.0205899 0.0807145
0 0 60 0.0988529 0.0232207 0.065921 0.0518314
0 0 61 0.104594 -0.00544554 0.0446775 0.0920084
0 0 62 0.124047 -0.00950242 0.0604895 0.064008
0 0 63 0.13398 -0.000562671 0.0638824 0.074266
0 0 64 0.10194 0.0110776 0.0883235 0.0847333
0 0 65 0.0210232 -0.0151287 0.0705934 0.0589631
0 0 66 0.072233 -0.00978863 0.0606035 0.0385921
0 0 67 0.0838993 -0.0337058 0.0873589 0.0281432
0 0 68 0.121332 -0.0356812 0.14965 0.0244062
0 0 69 0.0777452 -0.0311047 0.130809 -0.0158457
0 0 70 0.106511 0.000794379 0.140397 0.032072
0 0 71 0.0726553 0.0183239 0.0721672 0.00358258
0 0 72 0.0602876 -0.0206127 0.0782226 0.0335929
0 0 73 0.0882026 0.0281395 0.0134139 0.0586943
0 0 74 0.16055 0.0251426 -0.0179295 0.079275
0 0 75 0.175472 0.0463765 0.0419612 0.0606873
0 0 76 0.104179 0.00365007 0.0571604 0.0651846
0 0 77 0.0680284 0.00732582 0.0817599 0.0392435
0 0 78 0.0201123 -0.0197848 0.0894778 0.0160992
0 0 79 0.00409206 -0.0127114 0.0796238 0.0439588
0 0 80 0.0310057 0.00473085 0.0475003 0.0258502
0 0 81 -0.0180709 -0.0204866 0.0592567 0.0183372
0 0 82 0.0229815 0.00192925 0.0540822 0.033313
0 0 83 0.0680056 -0.0154083 0.0634244 0.0122882
0 0 84 0.0658963 -0.00128447 -0.0483321 0.0884015
0 0 85 0.112136 0.0310348 0.0430313 0.058118
0 0 86 0.0951533 -0.0192957 0.0277582 0.0711774
0 0 87 0.157801 -0.0166772 0.0770831 0.0584093
0 0 88 0.121052 0.00140965 0.0570687 0.0848887
0 0 89 0.132861 -0.045816 0.0569445 0.058867
0 0 90 0.102814 -0.0311505 0.0603258 0.0407244
0 0 91 0.0539047 -0.045581 0.0886394 -0.00483472
0 0 92 0.0530175 -0.024623 0.0484195 0.00558238
0 0 93 0.109609 -0.005472 0.0764455 0.0162969
0 0 94 0.129806 -0.0176246 0.0743821 -0.00887428
0 0 95 0.0794764 -0.0462213 0.0739665 0.0602186
0 0 96 0.064227 -0.00217604 0.0612149 0.0319667
0 0 97 0.101778 -0.0139545 -0.056711 0.079121
0 0 98 0.179934 0.0049927 0.0704224 0.0424132
0 0 99 0.137022 0.0105652 0.0770084 0.00636205
0 0 100 0.0948663 -0.0352236 0.0737922 0.0378555
0 0 101 0.0139955 -0.00269203 0.0611554 0.0533359
0 0 102 0.111001 0.0124779 0.0338279 0.0522069
0 0 103 0.192327 -0.00784312 -0.0138661 0.0646559
0 0 104 0.069317 -0.0151708 0.0833045 0.0311061
0 0 105 0.0120869 -0.0560877 0.0314249 0.0434096
0 0 106 0.0593786 0.0162814 0.0975046 0.019942
0 0 107 0.0965026 -0.0103601 0.0845505 0.0740253
0 0 108 0.0533966 -0.00791954 0.0703063 0.0244283
0 0 109 0.0821366 0.0149372 0.0221598 0.0443033
0 0 110 0.0388163 -0.00219177 -0.0352036 0.0932952
0 0 111 0.0385224 -0.0186742 0.0627492 0.0335716
0 0 112 -0.000756533 -0.00460273 0.0476313 0.0228123
0 0 113 0.0428977 0.0126905 0.0814699 0.011989
0 0 114 0.0262938 -0.0284984 0.0833063 0.016691
0 0 115 0.0211867 -0.0217032 0.0629013 0.0404338
0 0 116 0.0286184 -0.0162274 -0.0350298 0.0881738
0 0 117 0.0192782 0.00432849 0.034187 0.0533116
0 0 118 0.0262407 0.00809377 0.057294 0.0582104
0 0 119 0.0384891 0.0103312 0.0975964 0.00128116
0 0 120 0.0104899 0.00364451 0.074288 0.0379213
0 0 121 -0.0211769 0.00472003 0.064993 0.0340901
0 0 122 -0.0153205 -0.00789988 -0.0175095 0.0662931
0 0 123 0.0783838 0.0192539 0.014141 0.0663566
0 0 124 0.0495263 -0.00389568 0.0443225 0.03711
0 0 125 0.037542 -0.0190722 0.0766999 0.016204
0 0 126 0.0396166 -0.0257401 0.0545764 0.02847
0 0 127 0.0741213 0.00796424 0.0103437 0.0695524
0 0 128 0.137355 0.00686929 -0.00201404 0.0714244
0 0 129 0.138006 -0.00941623 0.0447357 0.0691275
0 0 130 0.0760485 -0.0079238 0.0527981 0.0440847
0 0 131 0.0535466 0.000165333 0.0455882 0.0199543
0 0 132 -0.0182447 -0.0146851 0.0431085 0.0289324
0 0 133 -0.0103998 -0.00872908 0.0275626 0.0332471
0 0 134 0.0252634 -0.0528767 0.0993241 0.0144401
0 0 135 0.0999839 -0.00490079 0.123322 -0.0394075
0 0 136 0.111417 -0.0329907 0.104926 -0.0469713
0 0 137 0.0343332 -0.0649289 0.0793708 0.0306453
0 0 138 0.0511641 0.0088808 0.0344545 0.011105
0 0 139 0.0820864 -0.0036489 -0.0543506 0.0917441
0 0 140 0.143778 0.00938763 0.000506397 0.0539202
0 0 141 0.097758 0.00052219 0.0213672 0.0657349
0 0 142 0.0521899 -0.0114059 0.0211045 0.0395662
0 0 143 0.010095 -0.0279117 0.031665 0.0456943
0 0 144 0.0696131 0.0262384 0.0712453 0.00174178
0 0 145 0.0831928 -0.00614082 0.0618956 -0.038422
0 0 146 0.079636 -0.0375768 0.0554622 -0.00736263
0 0 147 0.0116885 -0.000667682 0.0315665 0.00743626
0 0 148 0.0291258 0.00315308 -0.0227045 0.0543368
0 0 149 0.0765954 -0.0197327 0.018458 0.0322029
0 0 150 0.00514165 -0.0176187 0.0557714 0.0282558
0 0 151 0.0373009 -0.0437165 0.0700291 -0.00198748
0 0 152 0.0138094 -0.0226446 0.035091 0.0119377
0 0 153 0.0525541 -0.0113254 0.0382122 0.0405942
0 0 154 0.0633229 0.00411733 -0.0279317 0.0621706
0 0 155 0.162567 0.00649396 0.0576157 0.0328392
0 0 156 0.0627834 -0.0162218 0.0305491 0.0348397
0 0 157 0.0588328 -0.0246144 0.100897 0.0196416
0 0 158 0.0648 -0.0296276 0.0450827 0.0128226
0 0 159 0.0328233 -0.0197084 0.0603851 0.00833515
0 0 160 -0.0117986 -0.0227725 0.0471577 0.0471991
0 0 161 0.0332172 -0.00441134 0.0814887 0.00489705
0 0 162 -0.0344425 -0.0483601 0.0504123 0.00693581
0 0 163 0.0425438 -0.025703 0.0624141 0.0383151
0 0 164 0.0915831 0.00235878 0.0610734 0.00705822
0 0 165 0.113051 0.0162692 -0.0606823 0.044818
0 0 166 0.193122 0.0413565 0.0607488 0.0347123
0 0 167 0.0714454 0.00631011 -0.00810213 0.0318752
0 0 168 0.0690102 0.0114274 0.0566043 0.0355749
0 0 169 0.0767663 0.00656606 0.0605555 0.0252673
0 0 170 0.0656794 0.00345487 0.0615831 0.0233541
0 0 171 0.0465574 0.000327252 0.0717053 0.0418833
0 0 172 0.00844691 -0.00811106 0.0633535 0.0358713
0 0 173 -0.0972485 -0.0394111 0.0370199 0.0287061
0 0 174 0.00881757 0.0437291 0.0768205 0.0203278
0 0 175 0.0480817 0.0154066 0.0458973 0.02353
0 0 176 0.0450192 -0.0167681 0.0571174 -0.00317158
0 0 177 0.0646047 0.00584564 0.0464321 0.00387488
0 0 178 0.0982891 0.038274 -0.0773704 0.0554923
0 0 179 0.152698 0.0267512 0.0424421 0.0591538
0 0 180 0.111499 0.0437634 0.0149396 0.0373616
0 0 181 0.0212285 -0.00965081 0.0242224 0.0327785
0 0 182 -0.0591289 -0.0387251 0.0124836 0.0315249
0 0 183 -0.0476271 -0.00798933 0.0546776 0.037949
0 0 184 -0.0423055 0.00301702 0.0703004 0.0104207
0 0 185 0.0100354 0.0107562 0.0478193 0.0376718
0 0 186 -0.00668737 -0.0255802 0.0301451 0.0119996
0 0 187 0.0456709 0.0413899 -0.0150352 0.0649457
0 0 188 0.0926584 0.030611 0.0141443 0.045702
0 0 189 0.0200114 0.00597188 0.039417 0.0172076
0 0 190 0.0330367 0.00345037 0.0296364 0.0336872
0 0 191 0.06244 0.0104075 0.00981138 0.0632634
0 0 192 0.137852 0.0054373 0.0404406 0.0467131
0 0 193 0.055278 0.00860737 0.0567281 0.0516652
0 0 194 0.0623904 0.0220498 0.0471977 0.014072
0 0 195 0.0381086 0.0143986 0.0486854 0.0283232
0 0 196 0.0129906 -0.00592502 0.0274529 0.00688383
0 0 197 0.0104483 -0.00437427 0.0395371 0.0302406
0 0 198 -0.0650643 -0.0113867 0.0540014 0.0337884
0 0 199 -0.102354 -0.0322354 0.0355691 0.0405436
0 0 200 -0.035763 -0.0041057 0.0516615 0.0328031
0 0 201 0.079669 -0.0118769 0.101478 -0.0392408
0 0 202 0.0980053 -0.0178466 0.0892725 -0.0491713
0 0 203 0.104075 0.0314595 0.0512901 -0.055137
0 0 204 0.0568958 0.0223692 -0.0424508 0.0701801
0 0 205 0.133051 0.0410002 0.0332474 0.0514532
0 0 206 0.0492401 0.000258361 0.0166616 0.068997
0 0 207 0.0341291 0.0322895 0.0260152 0.0392503
0 0 208 0.0116149 0.00239721 0.0356847 0.0285553
0 0 209 0.00166451 -0.00931454 0.0356304 0.025476
0 0 210 0.0229294 -0.00568455 0.0473987 0.00786107
0 0 211 -0.0165549 -0.0376827 0.012046 -0.0166619
0 0 212 0.0453827 0.0170785 0.0325262 -0.0141305
0 0 213 0.0200139 -0.00855799 0.0553251 -0.0245172
0 0 214 8.01287e-05 -0.0127219 0.022802 0.00239621
0 0 215 0.00487684 -0.00218589 0.0122604 0.0204408
0 0 216 0.0279533 0.018743 -0.0395497 0.0435953
0 0 217 0.0993851 0.0153706 0.0160248 0.0516751
0 0 218 0.0913187 0.00504002 0.0298269 0.0617833
0 0 219 0.0234095 0.0128314 0.0401255 0.054858
0 0 220 -0.0264755 -0.0352846 0.0367998 0.0359897
0 0 221 -0.026998 0.000283858 0.0417215 0.0355376
0 0 222 -0.0033192 0.0164007 0.0741729 0.0230081
0 0 223 0.00597261 -0.0093199 0.0566843 0.0116483
0 0 224 -0.00270733 -0.0257325 0.0299226 0.0374245
0 0 225 -0.0104197 -0.00658438 0.0131327 0.0513299
0 0 226 0.0649642 0.0142022 -0.0363325 0.0423265
0 0 227 0.0187483 0.0125993 0.0229509 0.0304646
0 0 228 -0.035686 -0.0280145 0.0184984 0.00655553
0 0 229 0.00938934 0.0199354 0.0621107 0.0265203
0 0 230 -0.00657342 -0.0177262 0.0631717 -0.00024465
0 0 231 -0.00496105 -0.044612 0.0490517 0.0613698
0 0 232 0.0305713 0.0130416 0.00365019 0.0156421
0 0 233 0.0327463 0.0085682 -0.0151964 0.0764755
0 0 234 0.0535889 -0.0259085 0.0310397 0.0452355
0 0 235 -0.0587824 -0.0139201 0.026285 0.0047577
0 0 236 -0.025118 -0.00546554 0.0618294 -0.000438496
0 0 237 -0.00472117 -0.0398126 0.0296221 0.00398319
0 0 238 0.0169872 0.00499298 0.0197233 0.0337324
0 0 239 0.0137784 0.0195861 -0.03957 0.0464885
0 0 240 0.0257796 0.00449576 0.0380933 0.0321104
0 0 241 -0.0503462 -0.0354833 0.00444817 0.0210433
0 0 242 0.0243957 0.0272398 0.0462595 0.0231692
0 0 243 -0.0307594 -0.0203509 0.0402502 -0.0213988
0 0 244 0.046244 -0.0221998 0.036549 0.0308809
0 0 245 0.0252468 0.0243482 -0.000718735 0.0280222
0 0 246 0.0610085 0.0101474 -0.0545335 0.0614543
0 0 247 0.0672581 0.0123053 0.0451702 0.0180397
0 0 248 -0.0360925 -0.0102056 0.0296453 0.0257214
0 0 249 -0.0449042 -0.00261457 0.0500132 0.0306283
0 0 250 -0.0598289 -0.0442331 0.0303312 -0.0190679
0 0 251 -0.0376317 -0.041565 0.0432776 0.0193345
0 0 252 -0.0168674 0.004424 0.0192002 0.00476758
0 0 253 0.0352974 -0.0194149 -0.0310201 0.0625286
0 0 254 0.11155 0.0117933 0.0467111 0.020265
0 0 255 -0.0206574 -0.0175684 -0.0133709 0.0432075
0 0 256 0.0441696 -0.00187348 0.0344726 0.0345023
0 0 257 0.0374033 0.01356 0.0144688 0.0679143
0 0 258 0.0599078 0.00821333 0.0226558 0.0315735
0 0 259 -0.00623693 -0.0282008 0.00688324 0.0256853
0 0 260 -0.0221173 -0.0240327 0.027718 0.0317637
0 0 261 -0.00791318 -0.0161974 0.0226965 0.0167932
0 0 262 0.0016438 0.00852453 0.0432593 0.0208146
0 0 263 0.0054555 -0.00903957 0.0303442 0.0303866
0 0 264 -0.0107657 -0.0315367 0.035645 0.0305276
0 0 265 -0.0316194 0.0122046 -0.00498845 0.0389079
0 0 266 -0.0509602 -0.0328754 0.0235842 0.0202246
0 0 267 0.0205434 0.0439742 0.0513121 0.0245094
0 0 268 0.0984263 0.0072352 0.0954158 -0.00637943
0 0 269 0.0581388 -0.0169636 0.0705988 0.0188968
0 0 270 0.124105 0.030585 0.0585083 0.0363356
0 0 271 0.073229 0.0313265 -0.0793097 0.0463898
0 0 272 0.0660219 0.00135646 0.0453785 0.0343622
0 0 273 -0.0753238 -0.0140035 -0.0259849 0.0419695
0 0 274 -0.00345063 0.0301656 0.0216851 0.02746
0 0 275 -0.00350151 0.0113908 0.0347981 0.0011493
0 0 276 -0.0705336 -0.0460297 0.0443004 -0.00775845
0 0 277 0.0114177 0.0157281 -0.00747683 -0.00810413
0 0 278 0.0597564 0.0301144 -0.0360795 0.00969575
0 0 279 0.154528 0.00897102 -0.0134512 -0.0204784
0 0 280 0.0641305 -0.00476465 0.014856 0.0148564
0 0 281 0.0309139 0.0259663 0.00980417 0.0419719
0 0 282 0.0593213 0.0355799 -0.0318366 0.0486585
0 0 283 0.0918036 0.0350978 0.00720448 0.0352051
0 0 284 0.0121505 -0.0211549 0.0188106 0.019469
0 0 285 -0.0113449 0.00130889 -0.00282776 0.0357833
0 0 286 -0.0724569 -0.0158558 0.0254388 0.00817665
0 0 287 -0.085111 -0.0086587 0.0107051 0.00527224
0 0 288 -0.00162531 0.0310178 0.0539625 -0.00686044
0 0 289 -0.0467054 -0.0104652 0.074167 -0.00566627
0 0 290 -0.0729411 -0.0380024 0.0453421 0.0330389
0 0 291 -0.0573219 0.0233149 -0.00772763 0.014964
0 0 292 0.00603331 0.0153557 -0.0488397 0.0441656
0 0 293 0.0748193 0.00376735 0.0528836 -0.0081779
0 0 294 0.0168305 0.00255148 0.0157999 0.0153268
0 0 295 -0.0155253 0.000213953 -0.00377907 0.0353527
0 0 296 0.0975688 0.00705802 -0.0280166 0.0283123
0 0 297 0.0636126 0.00937115 0.000172793 0.040716
0 0 298 0.0157004 -0.000963873 0.0206523 0.00747207
0 0 299 -0.0589309 -0.0419949 0.0194746 0.000724457
0 0 300 -0.0229467 -0.0149134 0.0247795 -0.00130863
0 0 301 -0.0113665 0.0192568 0.063102 0.00292693
0 0 302 0.00480821 -0.00702479 0.0475652 -0.00526177
0 0 303 -0.0267598 -0.0152156 0.0103818 0.0239341
0 0 304 0.0502406 0.0243748 -0.0311318 0.0339832
0 0 305 0.0767801 -0.00911773 -0.0433755 0.045615
0 0 306 0.0598448 -0.000863616 0.0307895 0.00555429
0 0 307 -0.00245209 0.000480675 0.0362994 0.0364148
0 0 308 -0.00964584 0.00291494 0.0444836 0.00890178
0 0 309 0.0203173 0.00545835 0.0410269 0.0215988
0 0 310 0.000293166 -0.0297873 -0.019883 -0.00893713
0 0 311 -0.0468546 0.00483453 0.00543062 0.000693324
0 0 312 -0.0330833 -0.047148 0.00528861 0.00492224
0 0 313 -0.00749262 0.0168401 0.0174542 0.00160649
0 0 314 0.0120447 -0.00916653 0.0136222 -0.0167638
0 0 315 -0.00454854 -0.0351677 0.00693535 0.0216037
0 0 316 0.0177225 -0.00504102 0.0198923 -0.0372256
0 0 317 0.0200701 -0.00237622 -0.0666079 0.0364041
0 0 318 0.189436 0.0586107 -0.027481 0.0320926
0 0 319 0.167968 0.025256 0.0236734 0.0483527
0 0 320 0.324481 0.0655592 0.0202861 0.00396208
0 0 321 0.951067 0.320389 0.0266635 0.0562105
0 0 322 3.06901 0.988655 0.0280426 0.0299658
0 0 323 4.62222 1.13573 0.00459852 0.0587295
0 0 324 4.00472 1.04163 0.0199502 0.0133608
0 0 325 4.09079 0.755791 0.0144739 0.0436409
0 0 326 5.11162 1.092 -0.0425319 -0.00647511
0 0 327 3.70125 0.217938 0.0161978 -0.0364721
0 0 328 2.66049 -0.615999 0.0044212 0.0303598
0 0 329 2.53506 -0.15025 0.0275343 -0.0255528
0 0 330 2.68705 0.810476 -0.0261191 0.0566804
0 0 331 2.7617 1.06468 0.00347948 0.0307088
0 0 332 2.97881 0.80578 -0.0219918 0.0401025
0 0 333 3.69596 1.13621 0.0116201 -0.0177674
0 0 334 5.23865 1.14948 0.0364563 0.0259674
0 0 335 4.75111 1.11644 -2.92456e-05 0.0515104
0 0 336 1.88676 0.672393 0.0704066 0.0032082
0 0 337 0.84159 0.142093 0.048157 -0.00192473
0 0 338 0.221363 0.0700584 0.0345201 0.0175388
0 0 339 0.112989 -0.0184987 0.0236505 0.0257523
0 0 340 0.0393939 0.0499566 0.026226 -0.00526055
0 0 341 0.00212934 -0.0183737 0.0235218 -0.0045271
0 0 342 -0.0640192 -0.0160145 0.00580317 0.00865646
0 0 343 0.0345418 0.0106962 0.0194175 -0.0112112
0 0 344 0.0646993 -0.00707776 -0.0636464 -0.0323018
0 0 345 0.169981 -0.0118932 -0.0143518 -0.0641911
0 0 346 0.0620681 -0.025293 -0.0441611 -0.0562655
0 0 347 0.0505109 0.0143962 -0.039444 0.00106847
0 0 348 0.0304256 0.0171424 -0.0112081 0.0402776
0 0 349 0.0145176 0.00258628 -9.90511e-05 0.0232365
0 0 350 -0.0057681 0.0131541 -0.000760431 0.00415881
0 0 351 0.00684248 0.00746867 0.0200542 0.000892472
0 0 352 -0.04585 0.000687354 0.0208656 0.00510237
0 0 353 -0.0421671 0.014792 0.029636 -0.00926132
0 0 354 -0.104485 -0.0272192 0.00683192 0.0181306
0 0 355 -0.0486515 -0.00510411 0.0200661 0.0137111
0 0 356 -0.0445869 0.0106741 0.0281681 0.00378607
0 0 357 0.00960281 -0.000748384 0.0329376 -0.00897425
0 0 358 -0.00723759 -0.00837114 0.0312685 0.0237013
0 0 359 0.00378329 0.00839785 -0.0184506 0.0167271
0 0 360 0.046562 0.0231223 -0.0486082 0.0459994
0 0 361 0.0998697 0.02294 0.0258379 0.0422924
0 0 362 -0.00981656 0.000449548 0.0103818 0.0274087
0 0 363 -0.0118324 -0.00988651 0.00142295 -0.000726907
0 0 364 -0.0947868 -0.0292966 0.0147105 0.0140349
0 0 365 -0.0334655 0.00764635 0.0161489 0.00983964
0 0 366 -0.0202387 -0.0102629 0.041506 0.00549573
0 0 367 -0.0347883 -0.0394268 0.0317936 -0.0217885
0 0 368 -0.0689569 -0.0501407 0.00481216 0.00753786
0 0 369 -0.0182714 0.0117175 -0.0322425 0.016351
0 0 370 0.0671937 0.000199642 -0.0175853 -0.00844807
0 0 371 0.0144687 -0.0453468 0.0267622 0.0309936
0 0 372 -0.00554192 -0.00624578 0.00922324 -0.00404247
0 0 373 0.0370463 0.0125777 -0.0521874 0.0316529
0 0 374 0.0847774 0.0184008 0.017573 0.0265349
0 0 375 0.00469991 -0.0184869 0.00893458 0.0295733
0 0 376 -0.0561411 -0.0283645 0.0246025 0.000546599
0 0 377 -0.0800566 -0.0346333 -0.0135631 0.0149988
0 0 378 -0.0158887 -0.00518511 0.0231265 0.0335686
0 0 379 -0.0550558 -0.0248864 0.0298786 -0.0250945
0 0 380 -0.0267719 -0.0265248 -0.00924914 -0.00650291
0 0 381 0.0113751 0.0276712 0.0105567 -0.00261463
0 0 382 0.0500751 0.0424532 -0.0351724 0.0253667
0 0 383 0.0962103 0.0384426 -0.0157574 0.0132695
0 0 384 0.042759 0.0155258 0.0090846 0.0129293
0 0 385 0.0176333 0.0315016 -0.0217548 0.0190678
0 0 386 0.0798404 0.0367992 0.0141236 0.0159237
0 0 387 0.0475567 0.0138564 0.0386512 -0.00425362
0 0 388 0.0129132 -0.00709028 0.0303832 0.0126319
0 0 389 -0.0187081 0.00120609 0.0240077 -0.000300227
0 0 390 -0.112981 -0.0326587 -0.0056694 0.0161499
0 0 391 -0.00685006 -0.0086257 0.0260623 0.0140265
0 0 392 -0.0283324 -0.00637109 0.0437443 -0.023516
0 0 393 -0.0479739 -0.0401972 0.0375 0.00777623
0 0 394 -0.0197787 -0.00716487 0.0302114 0.00850329
0 0 395 -0.000143782 0.0326035 -0.0543589 0.0351905
0 0 396 0.0543976 0.0131502 0.0103746 0.0230655
0 0 397 0.043787 -0.0163848 0.000790137 -0.00587478
0 0 398 0.0227118 0.0149747 -0.0127179 0.00380219
0 0 399 0.0887876 0.0477072 -0.024182 0.012755
0 0 400 0.058018 0.0261879 0.0141933 0.0519595
0 0 401 0.167028 0.0839299 -0.0115634 -0.0297422
0 0 402 0.0860311 0.073823 -0.0324632 -0.0539153
0 0 403 0.0425116 0.0713082 -0.0370963 -0.0337958
0 0 404 0.035338 0.0360089 0.0276085 -0.0135278
0 0 405 -0.0216855 0.0247127 0.039397 -0.0164752
0 0 406 0.00364103 0.0108007 0.0102928 0.00441723
0 0 407 0.0123365 0.0247426 0.00053853 0.0229552
0 0 408 0.0577797 0.0155651 -0.0436938 0.0292656
0 0 409 0.0236116 0.0179129 -0.00991323 0.00301512
0 0 410 -0.0519732 -0.0507648 -0.0106969 -0.00919564
0 0 411 0.0254294 0.00264273 -0.0104115 -0.0418676
0 0 412 0.0681849 -0.0189105 0.0117368 -0.0644074
0 0 413 0.0488337 -0.0373589 -0.0084617 -0.024648
0 0 414 0.0161648 0.0129146 0.00730885 -0.00218
0 0 415 -0.00501485 0.00136628 -0.0686813 0.0241601
0 0 416 0.0597481 0.0261411 0.0148718 0.0122342
0 0 417 -0.0345887 -0.00340437 0.000804632 -0.012305
0 0 418 -0.0887369 -0.021649 0.0315933 -0.0126807
0 0 419 -0.0983566 -0.0304698 -0.00204722 0.00180161
0 0 420 -0.0351529 0.00252234 0.00869335 -0.0243544
0 0 421 -0.0523959 -0.0200295 0.0223834 0.00136344
0 0 422 -0.0298674 -0.0100668 0.0167014 0.00175651
0 0 423 -0.0140844 -0.0121997 -0.00792919 -0.00207507
0 0 424 0.0547336 0.00517472 -0.0510689 0.0179328
0 0 425 0.0832085 0.01837 0.0157602 0.0285535
0 0 426 -0.0213098 -0.00543915 0.00675033 0.0161344
0 0 427 0.0124994 -0.0106081 -0.0170581 0.0285338
0 0 428 -0.00668329 -0.00786504 0.0246161 0.0247018
0 0 429 -0.00760057 -0.00094536 0.0290719 0.0212721
0 0 430 -0.0348849 -0.0252275 0.0178677 -0.00406344
0 0 431 -0.03541 -0.00648208 0.00135275 0.0176351
0 0 432 -0.0651449 -0.00631013 0.00296482 -0.00412093
0 0 433 -0.0721987 -0.0301507 0.0167608 0.00722871
0 0 434 -0.0504696 0.00444316 0.0158901 -0.011747
0 0 435 -0.0207465 -0.00287921 0.0263076 -0.0222524
0 0 436 -0.032217 -0.0171814 0.00145639 -0.0197745
0 0 437 0.0111213 -0.000340441 -0.0194314 -0.016675
0 0 438 0.0178742 0.0264608 -0.0634052 0.0209183
0 0 439 0.117714 0.0161347 -0.0277047 0.0205143
0 0 440 0.0346957 0.0177675 0.00696641 0.0147006
0 0 441 -0.0904685 -0.0354129 -0.0194309 0.0128492
0 0 442 -0.0420411 0.0170608 0.00732897 0.00724257
0 0 443 -0.0249158 -0.00481105 0.0261914 -0.0396227
0 0 444 -0.00898639 -0.0311065 0.0292059 -0.000565051
0 0 445 -0.000792146 -0.0186439 -0.0236664 0.000573573
0 0 446 -0.0014591 0.000555014 -0.0480035 0.025076
0 0 447 0.0150065 0.00206017 -0.00851548 -0.0033551
0 0 448 -0.0208235 -0.00678651 0.0106055 -0.00268893
0 0 449 -0.00706237 -0.0165009 0.00674057 -0.0480435
0 0 450 -0.0148638 -0.0178677 0.0107886 -0.0204212
0 0 451 -0.0396662 -0.0149259 0.00478041 -0.0188789
0 0 452 0.0376025 0.0295881 -0.0494288 0.0323567
0 0 453 0.0707462 0.00378185 -0.0360741 0.00907431
0 0 454 -0.0310185 -0.0238532 -0.000306435 0.00200535
0 0 455 -0.0373559 -0.0177527 -0.0187669 0.0113644
0 0 456 -0.0304397 0.00371499 0.0368235 -0.0126105
0 0 457 -0.0196174 -0.00900653 0.0410196 -0.0138806
0 0 458 -0.00887791 -0.0212179 -0.00354351 -0.00768739
0 0 459 0.0123693 0.00794737 -0.0189003 -0.00990749
0 0 460 -0.0240389 -0.0177007 -0.0543353 0.0230505
0 0 461 0.0039718 -0.0119027 -0.00584151 0.00496079
0 0 462 -0.0529418 -0.0279714 0.0232155 -0.00609791
0 0 463 -0.0102583 -0.00299733 0.0261432 -0.0247129
0 0 464 -0.0178178 -0.00942891 -0.0118108 -0.0138284
0 0 465 0.0160846 0.00397469 -0.0268598 -0.0127733
0 0 466 0.0478557 0.0369753 -0.0507553 -0.000941862
0 0 467 0.000289687 0.0137885 -0.0302416 -0.0168451
0 0 468 0.144815 0.105883 -0.0932681 -0.108222
0 0 469 0.153522 0.0520158 -0.0970758 -0.159572
0 0 470 0.134765 0.0449469 -0.0945759 -0.126777
0 0 471 0.0128375 0.0332695 0.0222389 -0.0378054
0 0 472 -0.0185753 -0.00976762 -0.109571 0.0151621
0 0 473 0.118907 0.0512812 0.0259891 0.00744036
0 0 474 0.00103932 -0.00450005 -0.0222216 -0.00200301
0 0 475 0.0316644 -0.00544714 -0.0155011 -0.0230961
0 0 476 0.00117932 0.00669453 -0.00998596 -0.0203566
0 0 477 0.0937619 0.00409268 -0.0440987 -0.0181321
0 0 478 0.0849709 -0.0305879 -0.00221119 -0.0370721
0 0 479 0.0753872 0.00514141 -0.0273693 -0.0324669
0 0 480 0.042051 -0.0165023 0.00247411 -0.00702349
0 0 481 -0.0151896 -0.00542657 -0.0279666 0.00681886
0 0 482 -0.0430474 0.0327462 0.00298844 0.00273046
0 0 483 -0.03177 0.0247783 0.0531959 -0.0508885
0 0 484 -0.0375157 -0.0334383 -0.00121522 -0.0201747
0 0 485 -0.0248891 0.00183075 0.00179885 -0.0254002
0 0 486 -0.0261577 -0.00779776 -0.0968249 0.0239104
0 0 487 0.0861551 0.0528195 -0.0107139 0.0211943
0 0 488 0.0121088 -0.0247528 0.00443238 -0.00561999
0 0 489 -0.0136357 0.00208538 0.00368477 -0.00881653
0 0 490 0.0381215 0.0233726 -0.0182628 0.0113728
0 0 491 0.00473547 0.0193095 -0.0369115 -0.00392454
0 0 492 0.0638557 0.00512302 0.0217189 -0.00782131
0 0 493 -0.0746939 -0.0233644 0.00215224 0.00273029
0 0 494 -0.0559185 -0.0331322 -0.0234072 -0.00323221
0 0 495 -0.0319486 0.00582654 0.00879677 -0.0192759
0 0 496 0.0136772 -0.00478648 0.0126652 -0.0383575
0 0 497 -0.0521991 0.000645163 0.0225176 -0.00932559
0 0 498 -0.0474072 -0.0175471 -0.0340933 -0.0121178
0 0 499 -0.0179232 0.0452258 -0.0728476 0.0175448
0 0 500 0.0779651 0.0197417 0.0113625 -0.0208984
0 0 501 -0.00290598 -0.00900647 -0.010818 -0.0270678
0 0 502 0.0100173 0.0262433 -0.0161647 -0.0479056
0 0 503 -0.0315634 -1.08164e-05 -0.0717164 -0.000645364
0 0 504 0.109534 0.0266836 -0.0104734 0.0110342
0 0 505 0.0141483 0.000393869 -0.035697 -0.00433218
0 0 506 -0.0286491 0.013293 -0.00259561 -0.000563483
0 0 507 -0.0773226 -0.0135559 -0.0375232 -0.0130533
0 0 508 -0.0264008 -0.00601204 0.0127561 -0.0293235
0 0 509 -0.0137124 -0.0300314 0.0282638 -0.0155927
0 0 510 -0.0175873 -0.0195922 -0.00326219 0.00594912
0 0 511 0.0117649 0.0256078 -0.022987 -0.00390582
