File: pulse_724501467.ar Src: J1239+2453 Nsub: 1 Nch: 1 Npol: 4 Nbin: 512 RMS: 0.0506357
MJD(mid): 58123.442467942010 Tsub: 1.382 Freq: 1380.000 BW: -800
0 0 0 0.146389 0.0337351 0.0399803 0.04787
0 0 1 0.04609 -0.0244003 0.045524 0.0263489
0 0 2 -0.00615547 -0.00289218 0.00713807 -0.00954548
0 0 3 -0.00651576 0.0132359 -0.046195 0.0448324
0 0 4 0.0593353 0.000974662 -0.00566312 0.0219649
0 0 5 -0.0349875 -0.01878 0.00200491 -0.0081356
0 0 6 -0.0836162 -0.0290129 0.0121681 -0.00282516
0 0 7 -0.0172378 0.0143664 0.0125998 -0.0325503
0 0 8 -0.0245486 -0.0182745 0.0321761 -0.0398829
0 0 9 -0.0150071 -0.0258136 0.0131026 0.00200939
0 0 10 -0.0150013 0.0182379 -0.0111965 -0.00925292
0 0 11 -0.0351237 -0.00156674 -0.0291348 0.0410384
0 0 12 0.0231223 -0.00582641 0.0134748 -5.89748e-05
0 0 13 -0.0278547 0.0159224 0.0200904 -0.0321778
0 0 14 -0.0204116 0.0116454 0.0166608 -0.015057
0 0 15 -0.0246605 -0.0254268 0.0107072 -0.00939972
0 0 16 -0.00849333 -0.00406531 0.000472169 0.0021404
0 0 17 0.00579013 -0.0291848 -0.0716523 0.0503035
0 0 18 0.0686026 0.00832283 0.00585197 0.00230606
0 0 19 -0.0340743 -0.0178966 0.00822253 -0.00670982
0 0 20 -0.00949052 -0.014349 -0.00207854 -0.0189003
0 0 21 -0.00408328 -0.0091262 -0.0216748 -0.0309451
0 0 22 -0.00202399 0.00324473 -0.0408264 0.0271185
0 0 23 0.0587292 0.0270813 -0.00490706 0.0274778
0 0 24 0.00787285 0.0120803 -0.014697 0.0134405
0 0 25 0.0961882 0.0133873 -0.0980326 -0.0409218
0 0 26 0.0876255 0.0428728 -0.0869565 -0.058017
0 0 27 0.109307 0.0380906 -0.0984098 -0.0492666
0 0 28 0.0160884 0.0212733 -0.0114117 -0.0368531
0 0 29 -0.0341414 -0.0197226 0.0150153 -0.000271071
0 0 30 -0.094459 -0.030794 -0.0089504 0.00974505
0 0 31 -0.0912676 -0.0114302 0.00920322 -0.00243494
0 0 32 -0.0105875 0.0306279 0.026767 0.00594227
0 0 33 -0.00508855 0.0149378 0.0329135 -0.0355308
0 0 34 0.00904134 -0.00353435 -0.000431387 -0.0167533
0 0 35 0.0309374 -0.016637 -0.0382612 -0.011567
0 0 36 0.0451189 0.0199225 -0.0699304 0.0422434
0 0 37 0.0566699 0.0224836 0.0125646 0.00741385
0 0 38 -0.0740209 -0.0482481 0.00101497 -0.0284875
0 0 39 -0.0235023 0.0184449 0.0151159 0.00551073
0 0 40 -0.0355239 -0.00762349 -0.00191523 -0.016504
0 0 41 -0.0148886 -0.027932 0.0491977 0.000285794
0 0 42 -0.0319409 -0.00692238 -0.01408 -0.00422754
0 0 43 -0.0425453 0.00726088 -0.0626218 0.0700027
0 0 44 0.0821483 0.0102295 0.0257811 0.0016918
0 0 45 -0.0236421 -0.0319009 0.0143908 -0.00301011
0 0 46 0.00657569 -0.0198826 0.0226432 -0.0158734
0 0 47 0.00676439 0.0149973 -0.0110685 0.0350072
0 0 48 0.0565684 0.0324492 -0.0446544 0.04231
0 0 49 0.0862988 0.0238857 0.0041767 0.00481219
0 0 50 0.021813 0.00353848 0.00929357 0.00539361
0 0 51 -0.0211149 -0.0138943 0.0177466 0.00441709
0 0 52 0.00138942 0.00279457 0.0192663 0.0153374
0 0 53 -0.0315312 -0.0184355 -0.000347672 0.0113153
0 0 54 -0.0444612 -0.0252026 0.0176209 -0.00468846
0 0 55 -0.108486 -0.0387889 0.00510798 0.00613411
0 0 56 -0.0363553 -0.0101309 -0.000367937 -0.00786039
0 0 57 -0.0238158 -0.0290569 0.02702 -0.0159429
0 0 58 0.000870622 -0.036896 0.0188388 -0.0191281
0 0 59 0.00670624 0.0180028 0.0378179 -0.00765422
0 0 60 0.0541382 0.0135204 -0.0554442 0.0544029
0 0 61 0.0950598 0.02023 0.0039045 0.0266663
0 0 62 0.0181159 0.0103915 0.0276841 -0.012827
0 0 63 0.00724396 0.0230853 0.00652312 -0.00594405
0 0 64 0.016066 -0.0156734 0.028757 0.00420541
0 0 65 0.00348864 0.000946808 0.010983 -0.0143368
0 0 66 -0.0369321 0.00431375 0.0241036 -3.10427e-05
0 0 67 -0.0794417 -0.0318101 0.0305346 -0.0170818
0 0 68 -0.054068 -0.00632036 0.0213159 -0.000328135
0 0 69 -0.0290613 0.000527657 0.0167972 0.00663212
0 0 70 0.00967123 -0.00245953 0.0176058 -0.00379559
0 0 71 0.0049448 -0.00525523 0.0246079 -0.0170876
0 0 72 0.0444121 0.034598 -0.025966 0.0211005
0 0 73 0.0992163 0.0675809 -0.0388352 0.0642117
0 0 74 0.142227 0.0590791 0.00667044 0.0189177
0 0 75 0.0257519 0.0202294 0.0445226 0.0175869
0 0 76 -0.0616181 -0.00186155 0.0164391 0.00713385
0 0 77 -0.0667918 -0.0307757 -0.00185207 0.00548018
0 0 78 -0.0305474 0.00672753 0.0337169 -0.0123219
0 0 79 0.00163021 -0.00299795 0.0204619 -0.0237027
0 0 80 -0.0289108 -0.00862781 0.014867 0.013295
0 0 81 -0.0210884 0.0751395 0.000757878 0.0140095
0 0 82 0.00698961 -0.000502365 -0.0466822 0.0779074
0 0 83 0.117926 0.0290072 0.00950608 -0.00367065
0 0 84 -0.00696411 0.0130859 -0.0138818 0.0170338
0 0 85 0.0479288 0.00841726 0.0143643 0.0163819
0 0 86 0.033647 0.0330654 -0.0056473 0.0297153
0 0 87 0.0291028 -0.00131795 0.00971098 0.0145837
0 0 88 -0.00799452 0.00463648 0.0219108 0.00863348
0 0 89 -0.0671671 -0.000845194 0.0177346 0.014379
0 0 90 -0.069736 -0.0158524 0.010939 0.0112181
0 0 91 0.0388674 0.00305352 -0.0258574 0.000450824
0 0 92 0.175912 0.0289015 -0.148275 0.011867
0 0 93 0.159324 0.0264065 -0.0888374 0.00438195
0 0 94 0.147931 0.0444608 -0.132198 0.0136306
0 0 95 0.00727245 0.00414497 -0.0311312 0.0501299
0 0 96 0.033201 0.0242245 0.028698 -0.00105776
0 0 97 0.0109123 0.00196896 0.0388481 -0.0043474
0 0 98 -0.0163656 -0.0349653 0.0259817 0.00901408
0 0 99 0.0132451 -0.00518025 0.0160844 -0.0174853
0 0 100 0.0265915 0.0243701 -0.0511746 0.0704721
0 0 101 0.103283 -0.00615372 0.00773281 0.0340012
0 0 102 -0.0196811 -0.0494162 0.000396568 -0.00041082
0 0 103 -0.00279517 -0.0221218 -0.0126253 -0.00811477
0 0 104 0.0220875 -0.00465995 0.0100528 -0.0192181
0 0 105 -0.00295247 -0.0161714 0.0193547 0.0156729
0 0 106 0.00930963 4.84332e-05 0.0334749 -0.0013805
0 0 107 0.0106394 0.0297727 -0.0224532 0.0540873
0 0 108 0.0684999 0.0337364 -0.0261118 0.0478453
0 0 109 0.0372686 0.0125599 0.0298204 0.0133153
0 0 110 -0.0243494 -0.00702249 -0.00754214 0.0113351
0 0 111 -0.0207398 -0.00217419 0.0212314 -0.0175484
0 0 112 -0.0174979 -0.0197454 0.0309271 0.0284481
0 0 113 -0.0255424 -0.0271063 0.013212 0.0108248
0 0 114 -0.0129697 0.0107982 0.0178502 0.0099286
0 0 115 -0.0635206 -0.0205719 0.0305192 0.0161133
0 0 116 -0.0646852 -0.0182329 0.0193549 0.0277414
0 0 117 -0.0405755 -0.0180291 0.0106496 -0.00605205
0 0 118 -0.0229342 -0.0307247 0.0331874 0.0036247
0 0 119 -0.0336534 -0.0326423 0.0260911 0.00910946
0 0 120 0.00349711 -0.0239391 0.0134753 0.00332297
0 0 121 0.0131892 -0.00648284 -0.0583247 0.0592576
0 0 122 0.0795082 -0.0111555 -0.00909817 0.0378257
0 0 123 -0.027553 0.000599032 0.00281433 0.000221426
0 0 124 0.0188269 0.0153584 -0.0157334 0.0346832
0 0 125 0.0419365 -0.0112758 0.0250374 -0.00476363
0 0 126 -0.00926216 -0.0208218 0.00969691 -0.00325168
0 0 127 -0.00791138 0.017913 -0.00630046 0.019923
0 0 128 -0.0495646 0.0112787 -0.0469328 0.0574401
0 0 129 0.0448707 0.0184921 0.0348652 -0.000906999
0 0 130 0.0155984 0.000235276 0.0140482 -0.00561513
0 0 131 -0.00530658 -0.00332873 0.030865 0.0121163
0 0 132 -0.00792853 -0.0099284 0.0242468 -0.00896073
0 0 133 -0.0457494 -0.00714631 -0.0342017 0.0681752
0 0 134 0.0263589 0.0391758 -0.0264825 0.0236775
0 0 135 0.041314 0.00650276 0.0133302 -0.0407723
0 0 136 -0.00290486 -0.011599 0.0180408 -0.00490917
0 0 137 0.00805229 0.0184188 0.0124009 0.00351738
0 0 138 -0.0154996 -0.00568127 -0.0592528 0.0689824
0 0 139 0.122655 0.0409019 0.0270977 0.0317902
0 0 140 0.0367891 -0.00690761 0.00487632 0.0273517
0 0 141 0.0149011 0.00599302 0.0138384 0.0266448
0 0 142 -0.0597565 -0.0388627 0.0225334 0.00956822
0 0 143 -0.0487398 -0.0212552 0.0046863 0.0166748
0 0 144 -0.0136039 0.0108316 0.00294553 0.00292946
0 0 145 -0.0244671 -0.0222342 0.0242174 0.0234314
0 0 146 0.0124103 0.00923843 0.0384271 0.0074113
0 0 147 0.0130688 0.040024 -0.0210483 0.0292004
0 0 148 0.0831796 -0.00613767 -0.0388069 0.0459318
0 0 149 0.074835 0.0268228 0.0232828 0.0593835
0 0 150 0.0686205 0.0133667 0.0382342 0.0418507
0 0 151 0.0649088 0.0304324 0.00950324 0.0424219
0 0 152 0.0280598 0.02148 3.94568e-06 0.0393737
0 0 153 0.0502299 0.0154385 0.0336953 0.0376146
0 0 154 -0.0224545 -0.013233 0.0187983 0.00675711
0 0 155 -0.046781 -0.0312796 0.022114 0.0257979
0 0 156 -0.0406089 -0.0533409 0.000749119 0.0172017
0 0 157 -0.00872512 -0.00165316 0.0193701 0.019928
0 0 158 0.110589 0.0105849 -0.0673004 0.0207209
0 0 159 0.224595 0.0491316 -0.113072 -0.00123519
0 0 160 0.204816 0.0503648 -0.158138 -0.00593261
0 0 161 0.189676 0.0509084 -0.0705064 0.0284223
0 0 162 0.145609 0.0301506 0.00335716 0.0502458
0 0 163 0.0570092 0.0168588 0.0138815 0.0241181
0 0 164 0.0195196 -0.00132647 0.00692695 0.0448255
0 0 165 4.04165e-05 0.0259725 0.0152204 -0.00834688
0 0 166 0.0595363 0.012747 0.0470799 0.0255439
0 0 167 0.0289839 -0.0254617 0.0474883 -0.00292478
0 0 168 0.0565793 -0.00370599 0.0112701 0.00255199
0 0 169 0.0517746 -0.0182248 0.0543901 -0.000357019
0 0 170 0.00718122 -0.0292085 0.0273114 -0.00237307
0 0 171 0.091825 0.0587574 0.0558378 -0.0116638
0 0 172 0.103143 0.0620844 0.0706855 -0.00810955
0 0 173 0.0454474 0.0512522 0.0664201 -0.00552686
0 0 174 -0.0413694 -0.00296032 0.0488111 0.0115234
0 0 175 -0.0146166 0.0155967 0.0223144 0.0205252
0 0 176 0.0362653 0.0350372 0.0473903 0.0127107
0 0 177 0.0251333 -0.00680056 0.0525668 -0.00754615
0 0 178 -0.0107835 -0.00876275 0.0364271 0.0320582
0 0 179 0.0177994 0.0244117 -0.0218937 0.0596151
0 0 180 0.101772 0.00926957 0.00714254 0.0505517
0 0 181 0.0925452 0.00767985 -0.00830382 0.0323483
0 0 182 0.0093246 -3.87067e-06 0.0175089 0.0129959
0 0 183 0.0234229 -0.0178192 0.0329202 0.0231017
0 0 184 0.0218359 -0.00487877 0.0370194 -0.000646497
0 0 185 -0.0140929 0.00116188 -0.000327525 0.0243653
0 0 186 0.00127379 -0.0144875 0.056503 -0.00382697
0 0 187 -0.0134463 -0.00710364 0.0305789 -0.00284275
0 0 188 0.0116081 -0.00774718 0.0277354 0.0046973
0 0 189 0.0282763 -0.0242598 0.0212545 0.00227866
0 0 190 0.00532505 0.0234074 0.0303457 0.0166719
0 0 191 0.00502946 -0.0161005 0.0388668 0.0204826
0 0 192 0.0225201 -0.00367069 0.0254716 0.0175775
0 0 193 -0.0391775 -0.0309367 0.0173496 -0.00187229
0 0 194 0.0200898 0.0330208 0.0135579 0.0108834
0 0 195 0.0673927 0.028661 0.0303549 -0.034847
0 0 196 0.0204402 -0.0187471 0.0534029 0.0220904
0 0 197 0.0634024 0.0378972 0.0481933 0.0124669
0 0 198 0.0493653 0.0191911 -0.0436111 0.0975787
0 0 199 0.0762665 -0.0076181 0.00927358 0.0753643
0 0 200 0.0503898 -0.00343361 0.0295619 0.0179398
0 0 201 0.0176388 0.000606099 0.0513791 0.0315808
0 0 202 -0.00643043 -0.0193128 0.0462554 0.00986935
0 0 203 0.0464162 -0.00666822 0.0370465 -0.00756236
0 0 204 0.044273 0.0163549 -0.02532 0.0610371
0 0 205 0.11277 0.0247723 -0.0117578 0.0783453
0 0 206 0.0979733 -0.00362992 0.0487409 0.0389191
0 0 207 0.0242367 -0.0131426 0.0561041 0.00301811
0 0 208 0.00226292 -0.0276697 0.0329621 0.00536172
0 0 209 0.000277508 -0.0326632 0.0463878 0.0184778
0 0 210 -0.0469477 -0.0441301 0.0406431 0.0117006
0 0 211 -0.046814 -0.0387118 0.0413818 0.0274609
0 0 212 -0.00650283 -0.011849 0.0339684 0.00269947
0 0 213 0.00895998 0.00121871 0.0398648 -0.0139927
0 0 214 0.027729 -0.0210496 0.0392535 0.0148634
0 0 215 0.0157518 0.0180335 -0.0141738 0.0482103
0 0 216 0.0924361 0.0210502 -0.033467 0.086643
0 0 217 0.14226 0.0282787 0.0436988 0.0383669
0 0 218 0.0919905 0.0191687 0.0448797 0.0516725
0 0 219 0.0721703 -0.00253815 0.046904 0.0361471
0 0 220 0.0214755 -0.00305984 0.0295187 -0.0014941
0 0 221 -0.00623713 0.00687226 0.0446061 0.0238021
0 0 222 -0.0347822 -0.011359 0.0450742 0.0273292
0 0 223 -0.0409445 -0.00224984 0.0346593 0.0137808
0 0 224 -0.00551614 0.0284929 0.062884 0.00487512
0 0 225 0.152936 0.00169627 -0.0445281 -0.0360263
0 0 226 0.158402 -0.046511 -0.0731229 -0.00242786
0 0 227 0.151359 0.0201263 -0.064513 -0.0212738
0 0 228 0.127753 0.0478044 -0.0499043 0.0576199
0 0 229 0.161844 0.065865 0.0367195 0.0768419
0 0 230 0.0484381 0.0262199 0.0346481 0.0558685
0 0 231 0.0247606 0.0232715 0.0227164 0.069224
0 0 232 0.0358912 0.0162573 0.0453261 0.0326971
0 0 233 0.00821684 0.0200177 0.0384121 0.0234104
0 0 234 0.00851352 -0.00138156 0.0313441 0.0256777
0 0 235 -0.00654038 -0.0254468 0.0647219 0.0180299
0 0 236 -0.0315855 -0.02318 0.0137296 0.0237579
0 0 237 -0.0214278 0.00126031 0.0274481 -0.00277236
0 0 238 0.025649 0.00641315 0.075538 -0.00137867
0 0 239 0.00636033 -0.0132792 0.05797 0.00998756
0 0 240 0.0563435 0.0280255 -0.00980255 0.0233443
0 0 241 0.0672082 0.0111124 -0.0438079 0.0765424
0 0 242 0.133872 0.0445614 0.0275932 0.050794
0 0 243 0.092594 0.0465942 0.0101154 0.0472783
0 0 244 0.0992389 0.0330326 0.0408462 0.0392422
0 0 245 -0.0128051 -0.0151236 0.0202057 0.00372317
0 0 246 -0.0398265 -0.00838726 0.0319989 0.0184078
0 0 247 -0.0150982 0.0150017 0.0380635 0.00199536
0 0 248 0.0307683 0.0198363 0.046045 0.00524854
0 0 249 -0.0110999 -0.0110011 0.012044 0.000575782
0 0 250 0.048793 0.0199862 0.0328166 0.0299727
0 0 251 0.0700329 0.057773 -0.0221045 0.0528454
0 0 252 0.0872539 0.0276505 -0.0126196 0.0516757
0 0 253 0.0822112 0.0297775 0.0536608 0.00185679
0 0 254 0.0897422 0.0222148 -0.0270422 0.0715416
0 0 255 0.121491 0.058749 0.0233388 0.0296365
0 0 256 0.0645947 0.0359812 -0.0127473 0.0318567
0 0 257 0.029894 0.00891883 0.0463714 0.0412167
0 0 258 0.0189006 0.015723 0.0335124 0.0233191
0 0 259 -0.0349019 0.00961663 0.0289962 0.0223804
0 0 260 0.0319794 0.0381951 0.0296693 0.0305672
0 0 261 0.0461094 0.0420814 0.0466617 0.00617743
0 0 262 0.0326943 -0.00975508 0.0376533 0.00381831
0 0 263 0.0106539 0.0345729 0.0291452 0.0227398
0 0 264 0.0653529 0.0544955 -0.0272065 0.084971
0 0 265 0.140456 0.0536936 0.0219368 0.0300258
0 0 266 0.0645786 -0.0214941 0.0368156 0.0177326
0 0 267 0.0334299 0.00872207 0.0446657 0.0323292
0 0 268 0.053582 0.0213944 -0.0163677 0.0762945
0 0 269 0.134807 0.0455979 0.0282986 0.05696
0 0 270 0.0702212 0.00160971 0.0374972 0.0207667
0 0 271 0.0350058 0.0113291 0.0155392 0.00166835
0 0 272 -0.0286947 -0.0311453 -0.0214358 0.0131296
0 0 273 0.0342043 0.0124477 0.041635 0.022424
0 0 274 0.0218393 0.0169922 0.0449447 0.000874114
0 0 275 -0.0153949 -0.0166886 0.0515639 0.0361261
0 0 276 0.0393233 0.0209291 0.0139154 0.066406
0 0 277 0.0346258 0.0140051 -0.0627205 0.0749832
0 0 278 0.121127 0.0360237 0.0575071 0.025034
0 0 279 0.0433005 0.0387776 0.0357864 0.0130602
0 0 280 0.0395142 0.0248848 -0.00931167 0.0419947
0 0 281 0.0822655 0.0373019 0.0104501 0.0504008
0 0 282 0.0652034 0.0306799 0.0043418 0.0710126
0 0 283 0.0525233 0.0249944 0.0544943 0.052885
0 0 284 0.0448499 0.0191603 0.0244588 0.0408181
0 0 285 0.017774 0.0145929 0.032612 0.0331695
0 0 286 0.0789906 0.00454191 0.0189943 0.00671914
0 0 287 -0.00326483 -0.0312646 0.0372019 0.0213022
0 0 288 -0.0593081 -0.0437381 0.0293614 0.0307217
0 0 289 -0.0418743 0.0066635 0.0264233 0.0547625
0 0 290 0.0267249 0.0149546 0.0303404 0.045928
0 0 291 0.0615598 -0.0635169 0.0172406 0.0305664
0 0 292 0.193736 -0.110927 0.0219527 0.0163334
0 0 293 0.200248 -0.0921219 -0.0582683 0.0836317
0 0 294 0.277238 -0.0752659 -0.0110118 0.0725864
0 0 295 0.096656 0.029518 0.0279326 0.0516065
0 0 296 0.0360314 0.00847043 0.0366724 0.0441085
0 0 297 -0.0217958 0.0124444 0.0346552 0.026022
0 0 298 0.0259278 0.0244853 0.0558191 0.0310393
0 0 299 0.0421421 0.0283413 0.0378968 -0.00852571
0 0 300 0.0232138 -0.0187076 0.0253401 0.0269585
0 0 301 0.069753 0.00286501 0.0144196 0.0346969
0 0 302 0.0757667 0.00276517 -0.0435264 0.08003
0 0 303 0.112145 0.0031881 0.0558726 0.049622
0 0 304 -0.00187615 0.00505781 0.0540835 0.017807
0 0 305 0.0297542 0.0284571 0.054867 0.02218
0 0 306 0.03836 -0.0277416 0.0394581 0.0225891
0 0 307 0.0478052 0.024436 0.00177451 0.0468766
0 0 308 0.0704263 0.0453953 -0.0571613 0.11987
0 0 309 0.131121 0.0508777 0.0360269 0.0383791
0 0 310 0.0269674 -0.0187447 0.0518406 0.0311227
0 0 311 0.0257838 0.0349207 0.0460819 0.0519317
0 0 312 -0.00465528 -0.0145931 0.0381258 0.0268639
0 0 313 -0.026291 0.0120129 0.00769457 0.0443158
0 0 314 0.0304283 0.00568755 0.0386864 0.0331399
0 0 315 0.0092857 0.017813 0.0279742 0.00652304
0 0 316 0.024077 -0.0169304 0.0190426 0.0425824
0 0 317 0.0779375 0.0349614 0.0331526 0.048818
0 0 318 0.127127 0.0181098 -0.0468282 0.0916132
0 0 319 0.221025 0.0768665 0.0310612 0.0738598
0 0 320 0.597689 0.153101 0.0304627 0.0849796
0 0 321 1.72709 0.770501 0.0543332 0.0733507
0 0 322 2.1914 0.321132 0.00247846 0.0217405
0 0 323 1.81438 0.229534 0.0258318 0.0499138
0 0 324 1.67675 0.295759 -0.00920359 0.0603702
0 0 325 2.42867 0.399059 0.0418112 0.0343962
0 0 326 1.58301 -0.0133195 0.00310434 0.0327483
0 0 327 1.11164 -0.119967 0.055569 0.0241568
0 0 328 0.708503 -0.154748 0.0194348 -0.0109221
0 0 329 1.53065 0.554365 0.120022 0.0282441
0 0 330 3.95222 2.45486 -0.0692407 0.121063
0 0 331 3.44286 1.2219 -0.0413341 0.0189514
0 0 332 2.34496 0.441482 0.0716424 0.193793
0 0 333 2.10521 0.614679 -0.0335519 0.00566056
0 0 334 2.54572 -0.210257 0.123556 0.153413
0 0 335 3.01754 -0.0943328 -0.0828804 -0.0358179
0 0 336 7.18858 -1.40386 0.236307 0.0044211
0 0 337 8.03849 -1.18422 -0.0134169 0.263436
0 0 338 2.97488 0.153976 0.031583 -0.0637359
0 0 339 0.791548 -0.22929 0.0686922 0.0854599
0 0 340 0.265726 0.121016 0.0175134 0.025698
0 0 341 0.134606 -0.0427944 0.0795902 0.042726
0 0 342 0.104302 0.0834533 0.0439232 0.00861281
0 0 343 0.0688757 0.00314688 0.0380087 0.0473774
0 0 344 0.0617887 0.101656 -0.071839 0.0814203
0 0 345 0.146856 -0.0124914 0.0240662 0.121777
0 0 346 0.121265 0.0636871 0.0424733 0.0773695
0 0 347 0.089519 0.00588003 0.0323513 0.0896207
0 0 348 0.0550687 0.0408796 0.0229877 0.0713187
0 0 349 0.0391172 -0.0120795 0.0537489 0.0549573
0 0 350 0.0487664 0.0157115 0.0562969 0.0393336
0 0 351 0.0650983 -0.0104201 0.055364 0.0333298
0 0 352 0.00590887 0.0279903 0.0306324 0.0302671
0 0 353 0.0218222 -0.00825627 0.0184663 0.0507848
0 0 354 0.0410828 0.0333437 0.0730736 0.00826558
0 0 355 0.035641 -0.0250343 0.0673035 0.0360566
0 0 356 0.0545019 0.0282773 0.0400188 0.0171625
0 0 357 0.105901 0.0464202 -0.0159133 0.070039
0 0 358 0.24895 0.00664514 0.0140455 0.0843973
0 0 359 0.280336 -0.0530038 0.0855131 0.0655953
0 0 360 0.201603 -0.0699872 0.0628665 0.00493757
0 0 361 0.0953857 -0.0490533 0.0604155 0.0175283
0 0 362 0.0518736 0.0359916 0.0510908 0.0245163
0 0 363 -0.0241467 -0.0143602 0.034728 0.0574877
0 0 364 0.0298824 0.0295162 0.0397937 0.02853
0 0 365 0.058299 -0.00783129 0.0654298 0.0447926
0 0 366 0.0328964 0.0193954 0.0390242 0.00463828
0 0 367 0.0211218 -0.0111144 0.0456009 0.0366248
0 0 368 0.0987976 0.0436665 -0.031849 0.0984701
0 0 369 0.223126 0.030641 0.0128914 0.0407726
0 0 370 0.0889146 0.00522935 0.0277708 0.0196779
0 0 371 0.0762067 0.0266594 0.0246132 0.0591473
0 0 372 0.12551 0.0609351 -0.00773746 0.0726427
0 0 373 0.126994 0.0359832 0.0445111 0.0702492
0 0 374 0.0531104 0.0429166 0.0362932 0.046005
0 0 375 0.00116764 0.00552744 0.0435149 0.0308145
0 0 376 0.0299217 0.0647573 0.0236761 0.0485283
0 0 377 0.0451207 0.0202957 0.0506121 0.0228078
0 0 378 0.0350057 -0.00365195 0.0572073 0.0308597
0 0 379 0.0701116 0.0249493 0.0168058 0.0590673
0 0 380 0.0332872 0.00300547 -0.0542884 0.0977672
0 0 381 0.0925239 0.0234582 0.0326821 0.0701816
0 0 382 0.0776464 0.036842 0.0512937 0.0265744
0 0 383 0.0393834 0.0227541 0.0515589 0.0174232
0 0 384 0.0626794 0.0273883 0.0333492 0.0357475
0 0 385 0.0811669 0.032266 -0.0115685 0.0805893
0 0 386 0.130892 0.0500674 -0.0311918 0.108961
0 0 387 0.167922 0.0476679 0.0352894 0.080558
0 0 388 0.0961065 0.0260201 0.0507115 0.0352348
0 0 389 0.0607398 0.00655988 0.0644391 0.033634
0 0 390 0.0163766 -0.00147557 0.0580957 0.038744
0 0 391 -0.0336849 -0.0227183 0.0384763 0.0485655
0 0 392 -0.0126518 0.00735372 0.0331295 0.0525679
0 0 393 0.0284282 0.0310219 0.0310794 0.0226487
0 0 394 0.018108 -0.00195741 0.058992 0.018839
0 0 395 0.0582881 0.0120135 0.0707241 0.0281233
0 0 396 0.0749895 0.0392091 -0.0124866 0.0587187
0 0 397 0.129249 0.0265281 -0.0222885 0.0916603
0 0 398 0.169508 0.0522621 0.0341811 0.0652643
0 0 399 0.097048 0.0279474 0.0592736 0.0537078
0 0 400 0.0742982 0.0426857 0.0618174 0.0546151
0 0 401 0.0184788 0.0121007 0.0351435 0.0422438
0 0 402 0.0520015 0.0332631 0.0447371 0.0177607
0 0 403 0.00317617 0.0092841 0.0546054 -0.00162727
0 0 404 0.0384511 -0.0070499 0.0503395 0.0313434
0 0 405 0.0178521 0.0171824 0.0479154 0.0453209
0 0 406 0.0527122 0.0129308 -0.033272 0.101323
0 0 407 0.110282 0.00271962 0.0355199 0.066336
0 0 408 0.078882 0.045631 0.0247952 0.0814464
0 0 409 0.130586 0.0237957 0.03626 0.0699791
0 0 410 0.0787624 0.0123994 0.0263777 0.0665921
0 0 411 0.0980906 0.0269066 0.011141 0.0803741
0 0 412 0.0620723 -0.000672482 0.0439997 0.0628339
0 0 413 0.030843 -0.0197736 0.0515871 0.0299488
0 0 414 0.02615 0.00183927 0.0489172 0.0463732
0 0 415 -0.014474 -0.011052 0.0340981 0.0231199
0 0 416 0.000913488 0.00519323 0.0295692 0.038691
0 0 417 0.0331943 0.0112038 0.0593892 0.0294669
0 0 418 0.0322452 -0.0011568 0.0408743 0.0265106
0 0 419 0.0416886 -0.000286531 0.0193445 0.0480081
0 0 420 0.0755158 0.0161381 -0.059126 0.116949
0 0 421 0.158457 0.0502405 0.0059333 0.0878566
0 0 422 0.107074 0.0339591 0.0314422 0.106032
0 0 423 0.116413 0.0284027 0.0591667 0.0586725
0 0 424 0.141826 0.048522 0.02238 0.0725576
0 0 425 0.166772 0.00998615 0.115766 -0.0251403
0 0 426 0.149373 0.0302357 0.102448 -0.0458017
0 0 427 0.151608 0.0318348 0.100028 -0.0244645
0 0 428 -0.0137321 -0.0086369 0.0586508 0.0218904
0 0 429 0.0204376 0.00230664 0.024477 0.0327847
0 0 430 0.0337975 0.041508 0.0404112 0.0298827
0 0 431 0.0302254 -0.00834248 0.0534122 0.0352492
0 0 432 0.0415905 0.0041483 0.0287346 0.0398761
0 0 433 0.0510581 0.0218929 -0.0210066 0.0928748
0 0 434 0.135005 0.0131537 -0.0275148 0.0701075
0 0 435 0.156486 0.0233061 0.0437505 0.0305168
0 0 436 0.0971558 0.00978617 -0.0269588 0.0689657
0 0 437 0.154466 0.0282415 0.0141274 0.103431
0 0 438 0.0982231 0.0209958 0.0493371 0.0635921
0 0 439 0.0938064 0.00927199 0.0722679 0.0459543
0 0 440 0.024059 -0.00266756 0.0463615 0.0436479
0 0 441 -0.0382037 -0.00536114 0.0229514 0.0444506
0 0 442 0.0374196 0.0244431 0.0463779 0.0465963
0 0 443 0.0183503 -0.00256924 0.0568771 0.0193217
0 0 444 0.0348288 -0.00953663 0.0538921 0.0640582
0 0 445 0.0695562 0.0224447 0.013303 0.0550357
0 0 446 0.102538 0.0223661 -0.073323 0.113277
0 0 447 0.15944 0.0111196 0.0303041 0.0698265
0 0 448 0.00890846 -0.0146181 0.0278763 0.0538274
0 0 449 0.0552095 -0.0146967 0.0531978 0.0399532
0 0 450 0.0921723 0.00794225 0.0458456 0.0422942
0 0 451 0.0457184 -0.000406149 0.0460502 0.0322813
0 0 452 0.0570487 -0.00286554 0.0296355 0.0433224
0 0 453 0.0124048 0.00868119 0.0449601 0.0240495
0 0 454 -0.0278829 -0.0357281 0.0282681 0.0626727
0 0 455 0.0186749 0.021711 0.0591265 0.0402661
0 0 456 0.0134154 0.0120267 0.0408529 0.0258847
0 0 457 0.0781581 0.03985 0.034429 0.0614345
0 0 458 0.0690694 0.0312056 0.0196151 0.0557111
0 0 459 0.0795861 0.0437656 -0.0507005 0.117523
0 0 460 0.183779 0.0525158 -0.00708418 0.0927956
0 0 461 0.136727 0.033755 0.0415533 0.0969704
0 0 462 0.121456 0.0608465 0.0076119 0.0822092
0 0 463 0.0850545 0.00437344 0.0283408 0.0736676
0 0 464 0.0919313 0.0386306 0.0483532 0.0827628
0 0 465 0.086647 0.0353634 0.043818 0.0585494
0 0 466 0.0769582 0.016793 0.0233699 0.0441339
0 0 467 -0.00592905 -0.0213511 0.0405294 0.0431531
0 0 468 -0.00249189 0.0169563 0.0394034 0.052169
0 0 469 0.00862788 0.0368005 0.030773 0.0644671
0 0 470 0.0690094 0.0336756 0.055151 0.0322173
0 0 471 0.0714135 -0.0145439 0.0496573 0.0183526
0 0 472 0.125139 -6.91557e-06 0.0149041 6.33618e-05
0 0 473 0.130056 0.00272317 -0.067026 0.0635563
0 0 474 0.222293 0.0532121 -0.00822362 0.106974
0 0 475 0.130193 0.0338866 0.0368859 0.0844236
0 0 476 0.129502 0.0722969 0.0562088 0.0614948
0 0 477 0.11613 0.0345923 0.0580786 0.0870678
0 0 478 0.0637307 0.0240811 0.0538248 0.0483933
0 0 479 -0.00748844 -0.0169633 0.0147006 0.0627077
0 0 480 -0.00792523 -0.00478915 0.0380081 0.0548793
0 0 481 0.0321396 0.0185026 0.0636641 0.0257188
0 0 482 0.0569565 -0.0102705 0.0279992 0.027322
0 0 483 0.0734143 0.0269001 0.0368116 0.0465219
0 0 484 0.0649202 0.0100189 -0.0183221 0.0839095
0 0 485 0.107724 0.0182399 -0.00635816 0.0999521
0 0 486 0.205893 0.0282559 0.0404589 0.0968886
0 0 487 0.193803 0.0202063 0.021812 0.0860896
0 0 488 0.13773 0.0413021 0.0594577 0.0875086
0 0 489 0.155305 0.0424226 0.0442908 0.0828954
0 0 490 0.15504 0.043472 0.0406466 0.0710245
0 0 491 0.118362 0.0384138 0.0684141 0.0411021
0 0 492 0.221126 0.0985556 0.151495 -0.0327992
0 0 493 0.166657 0.0746864 0.164612 -0.00808418
0 0 494 0.132902 0.0396989 0.121622 -0.0124606
0 0 495 -0.0355893 -0.00796417 0.0447579 0.0511302
0 0 496 0.0375546 0.00201981 0.0579626 0.0844495
0 0 497 0.0392503 0.0133735 0.0723093 0.0517407
0 0 498 0.066664 -0.00760401 0.0555928 0.0559714
0 0 499 0.144123 0.020162 0.0532956 0.0635412
0 0 500 0.0786098 0.0273208 -0.0274913 0.0830238
0 0 501 0.235369 0.0547311 0.0069963 0.11808
0 0 502 0.191998 0.0411592 0.0113399 0.0814122
0 0 503 0.157117 0.0121387 0.031317 0.0832658
0 0 504 0.102607 0.00551386 0.0164066 0.0619902
0 0 505 0.0651654 0.0364234 0.0519014 0.0363965
0 0 506 0.046685 0.00976382 0.0197832 0.0604319
0 0 507 0.105053 0.0323259 0.0437473 0.039877
0 0 508 0.0904469 0.0193873 0.0592326 0.032287
0 0 509 0.0399689 -0.0225019 0.0320685 0.0261444
0 0 510 0.00686118 0.0200484 0.0104098 0.0652418
0 0 511 0.0490101 0.027389 -0.05504 0.135465
