File: pulse_724501466.ar Src: J1239+2453 Nsub: 1 Nch: 1 Npol: 4 Nbin: 512 RMS: 0.0422314
MJD(mid): 58123.442451942814 Tsub: 1.382 Freq: 1380.000 BW: -800
0 0 0 0.131766 0.0324848 0.06617 0.0543404
0 0 1 0.122903 0.0355704 0.0678701 0.060269
0 0 2 0.0271188 0.0119012 -0.0116326 0.00711295
0 0 3 0.0164169 -0.00125204 -0.0287964 -0.00193833
0 0 4 -0.0219163 -0.0474256 -0.0446555 0.0183763
0 0 5 0.0159998 -0.0183944 -0.048613 0.0197844
0 0 6 0.0242953 -0.0162014 -0.0280238 -0.0235048
0 0 7 0.00414783 -0.0276291 -0.0128289 -0.00989948
0 0 8 0.000349023 0.00074097 -0.0232609 -0.0132887
0 0 9 0.0199467 0.00774801 -0.0292605 0.0189696
0 0 10 0.0903224 0.0353628 -0.0260436 0.00830315
0 0 11 -0.0133268 0.0115065 -0.0300275 -0.0102656
0 0 12 -0.0570683 -0.0222634 -0.019551 0.00957375
0 0 13 -0.0206624 -0.0106556 -0.0176553 -0.0109797
0 0 14 -0.00134231 0.0169516 0.00774365 -0.0279987
0 0 15 -0.0283294 -0.0380952 -0.0146957 -0.0115784
0 0 16 -0.0167669 -0.00745078 -0.0213853 -0.0232868
0 0 17 -0.0374556 0.0105008 -0.00874991 0.00829912
0 0 18 0.0828537 0.0633898 -0.00520126 -0.0145754
0 0 19 0.0440991 -0.0036026 -0.0123034 -0.0314242
0 0 20 -0.0110125 -0.020035 0.0212324 0.00465212
0 0 21 -0.0604411 -0.0162019 -0.0147527 0.000871972
0 0 22 0.00756117 0.00897944 0.00136674 -0.0207934
0 0 23 0.024302 0.01922 -0.0266758 -0.0102357
0 0 24 -0.0215765 -0.0180887 0.00208236 -0.0112825
0 0 25 -0.0208148 -0.0296093 0.0132531 -0.00679885
0 0 26 -0.0220096 0.0266478 -0.00187445 -0.0130092
0 0 27 0.0246949 0.00438901 -0.0365018 0.010556
0 0 28 0.0228312 0.0144511 -0.0204335 -0.00181986
0 0 29 -0.0127398 0.00604876 0.00808898 -0.019146
0 0 30 -0.0607231 -0.0329697 -0.012999 -0.0176429
0 0 31 -0.064644 -0.00508332 -0.0106902 -0.0192252
0 0 32 -0.0157969 0.0152777 0.0214244 -0.0202758
0 0 33 -0.0667061 -0.0586126 -0.0153567 -0.0186912
0 0 34 -0.040981 -0.00743832 -0.0210421 0.0014889
0 0 35 -0.00414602 0.0201426 -0.0309271 0.0101108
0 0 36 0.0304732 0.014562 -0.00532903 -0.00712563
0 0 37 0.0108521 -0.00613939 0.00882214 -0.000630849
0 0 38 0.0064037 0.0128641 0.0109846 0.0135531
0 0 39 0.069373 0.0331055 -0.0138445 0.00394196
0 0 40 0.00573016 0.0301186 -0.0168629 0.0325056
0 0 41 0.0177053 -0.00181814 0.00178796 0.00103698
0 0 42 -0.0445148 -0.0338318 0.00821591 -0.0119741
0 0 43 -0.0848327 -0.0536217 -0.00588474 0.0266345
0 0 44 -0.0386782 0.0051869 0.0225978 0.00922506
0 0 45 -0.0464327 0.00262849 0.0046001 -0.00897763
0 0 46 -0.0416472 -0.0268772 0.027435 -0.00717699
0 0 47 0.0114786 0.0234587 0.0237639 -0.0179919
0 0 48 -0.00601838 -0.00185363 0.0173721 0.0282794
0 0 49 0.0840334 0.021383 0.0123739 -0.0167754
0 0 50 0.00293671 0.00433475 -0.00243087 0.0114543
0 0 51 0.0224089 0.0244399 0.00684654 0.00819018
0 0 52 0.0074276 -0.0020843 0.0194993 0.0194734
0 0 53 0.0446292 0.00322144 0.011946 0.00422081
0 0 54 0.00753468 -0.0174177 0.0345856 0.018813
0 0 55 -0.0176651 0.00536309 0.0240356 -0.0177361
0 0 56 -0.0758057 -0.0356138 0.00641671 -0.0229177
0 0 57 -0.0368892 -0.000361609 0.00590958 0.00950744
0 0 58 -0.0281119 0.0181352 0.0158669 -0.0174046
0 0 59 -0.0452881 -0.0319465 0.0112415 -0.0084698
0 0 60 -0.0131265 0.0237878 0.0194014 -0.00229858
0 0 61 0.00430058 0.0193467 0.0179193 0.0186356
0 0 62 0.0854838 -0.00147497 0.0139115 -0.00201253
0 0 63 0.0518939 -0.0288452 0.020417 0.000107441
0 0 64 -0.00597095 0.0077337 0.00444081 0.00640289
0 0 65 0.0982864 0.023864 -0.00206903 0.00497691
0 0 66 0.013116 0.0192391 -0.002288 -0.000420036
0 0 67 0.0304564 0.0237479 0.00237459 0.0211891
0 0 68 0.0171496 -0.000288101 0.0226941 -0.00071734
0 0 69 -0.00503116 0.0121266 0.0104242 0.00352124
0 0 70 0.0312317 0.00566889 0.020019 0.0183453
0 0 71 0.0219541 0.000643107 0.0176895 0.0304638
0 0 72 -0.0150652 -0.0108276 0.00033931 -0.00684167
0 0 73 -0.0785705 -0.0358455 0.0194526 0.00954799
0 0 74 -0.0339014 0.0140311 0.0212072 0.0159533
0 0 75 0.000332172 0.0153112 0.0135238 -0.00350204
0 0 76 0.00213897 -0.0100766 0.00708464 0.00162672
0 0 77 0.0119546 -0.00146002 0.00633526 0.011218
0 0 78 0.0349195 0.0272564 0.00345367 0.0410012
0 0 79 0.105404 0.0251785 0.0019434 0.0157536
0 0 80 0.108925 0.0234526 -0.00706583 0.0169894
0 0 81 0.0391613 0.0298599 -0.0225218 0.00873798
0 0 82 -0.0218835 -0.00805149 -0.000575718 0.00678222
0 0 83 -0.0137978 0.00686744 -0.00533358 -0.032203
0 0 84 0.00656462 0.0192142 0.00905606 -0.0291068
0 0 85 0.0166892 0.00428249 0.0161642 -0.0038729
0 0 86 0.00748696 -0.0120141 -0.000977646 -0.0104943
0 0 87 -0.012919 0.0320124 -0.017728 0.0349965
0 0 88 0.0281387 -0.00746774 -0.00136035 0.0367388
0 0 89 0.0429696 0.0287216 0.0130872 -0.0226811
0 0 90 0.00954657 0.0122349 -0.00630802 -0.00799155
0 0 91 -0.0216932 -0.0280762 0.0219956 -0.015236
0 0 92 0.00586737 0.0211763 0.00176692 0.0142688
0 0 93 0.00792484 0.0300017 0.0118506 0.0339297
0 0 94 0.0737488 0.0299159 0.00782475 0.00136109
0 0 95 0.0153276 0.0163201 0.00806819 2.90534e-05
0 0 96 0.000498607 0.011476 0.019552 -0.0068175
0 0 97 -0.0129693 -0.0111397 0.0180486 0.00536954
0 0 98 -0.00510163 -0.00995549 0.0129128 -0.00607847
0 0 99 -0.039023 -0.0515931 0.00718278 -0.00902133
0 0 100 -0.0547913 -0.00658201 -0.00638138 0.00984066
0 0 101 -0.0220938 0.0170434 0.00951971 -0.00969777
0 0 102 -0.00358397 -0.00781175 0.033246 -0.023781
0 0 103 -0.0219609 -0.00632193 0.0269083 0.00486051
0 0 104 0.0365782 0.0196787 0.0420222 0.0053702
0 0 105 0.0441851 0.0447513 0.0281684 0.0495466
0 0 106 0.112695 0.0387803 -0.00982211 0.020209
0 0 107 0.00165607 0.00866076 0.00382922 -0.0249749
0 0 108 -0.0408392 -0.000774823 0.00205927 0.000823856
0 0 109 -0.00308585 0.018048 0.0150788 -0.0135584
0 0 110 0.00724972 -0.00652131 0.0166142 -0.0185639
0 0 111 -0.0260784 -0.03854 0.00659429 -0.00267021
0 0 112 -0.00265105 0.014389 0.00265055 0.000756071
0 0 113 0.00928437 0.0143273 0.00116236 0.0216407
0 0 114 0.101311 0.00618975 0.00680892 -0.0338454
0 0 115 -0.0125487 -0.013647 5.32805e-05 -0.00304389
0 0 116 0.0545375 0.0177487 0.00923875 -0.0087315
0 0 117 0.0720984 0.0102213 -0.0131024 0.0390678
0 0 118 0.0691561 0.0351713 0.00621861 -0.0162029
0 0 119 0.055637 0.0255842 -0.00639145 0.041727
0 0 120 0.0349751 0.00914211 0.0142157 0.0145853
0 0 121 -0.0279295 -0.0198454 0.0101328 0.0145694
0 0 122 0.0310765 0.014683 0.00366816 -0.0189223
0 0 123 0.0264916 -0.0266025 0.0112092 -0.00866944
0 0 124 -0.00896202 0.00815626 0.0162968 -0.00502612
0 0 125 0.0288605 0.0157182 0.00880067 0.0120727
0 0 126 0.0374839 0.0353574 -0.0165829 0.0418709
0 0 127 0.0765812 0.036067 0.023594 0.0210426
0 0 128 -0.03864 -0.0427283 0.033837 0.0187405
0 0 129 -0.0310534 0.00872075 0.0172235 -0.0054398
0 0 130 0.0157789 0.03389 0.0242727 -0.00459121
0 0 131 -0.0254781 -0.0564905 0.0106112 -0.0216761
0 0 132 0.00505826 -0.0201871 0.00742462 0.00461489
0 0 133 -0.0185748 -0.00494164 0.00271376 0.0281821
0 0 134 0.0450797 0.00906411 0.00123192 0.0170646
0 0 135 0.0299543 -0.00271477 0.000388892 -0.00365479
0 0 136 0.00566975 -0.0263295 0.0137026 0.00807987
0 0 137 0.0247507 -0.00753027 0.0289642 -0.00723114
0 0 138 0.0336825 0.0202159 0.00605209 0.00812774
0 0 139 0.0557134 0.00948591 0.0246392 0.0142059
0 0 140 0.0653859 0.0290502 0.028391 -0.0104803
0 0 141 -0.0119071 0.00917597 0.0131744 0.0206483
0 0 142 0.0126222 0.0161337 0.0188746 0.00721126
0 0 143 0.0190908 -0.00859884 0.0274721 0.00517303
0 0 144 -0.000835056 -0.000343993 0.0198543 0.009102
0 0 145 -0.00699417 -0.0148703 0.0287755 0.0208939
0 0 146 0.04535 0.00212782 0.0122566 0.0361964
0 0 147 0.0487123 -0.010327 0.00359511 0.041614
0 0 148 0.0448068 0.00764455 0.0191791 0.0384983
0 0 149 0.0571029 -0.0299657 0.0266965 0.0236801
0 0 150 0.0121841 0.00392913 0.0136848 0.0160457
0 0 151 -0.049657 -0.0263154 0.000544741 0.0150599
0 0 152 -0.0302925 -0.00286963 0.02024 -0.00915397
0 0 153 0.0519554 -0.00838262 0.0202558 -0.00954872
0 0 154 0.0136641 -0.0306102 0.0287379 -0.0107871
0 0 155 0.0327641 0.00640257 0.0141692 0.0089817
0 0 156 0.0791132 0.0408054 0.0151016 0.0453778
0 0 157 0.172361 0.0475736 0.0317298 0.0400733
0 0 158 0.0885295 0.0280097 0.0373568 0.0264218
0 0 159 0.0524247 0.0262695 0.036166 0.027971
0 0 160 0.0245117 0.0206202 0.0169125 0.00944152
0 0 161 0.0351478 -0.0137263 0.0299806 0.023617
0 0 162 0.0356267 0.00752538 0.0588428 -0.00656562
0 0 163 0.0316372 -0.0117857 0.0422985 0.0350899
0 0 164 -0.0331017 -0.00500998 0.0272476 0.0119239
0 0 165 -0.0140236 -0.0020368 0.0393855 0.022795
0 0 166 0.0339397 0.0255942 0.042122 -0.00965258
0 0 167 0.0583074 -0.00564653 0.0458871 -0.0216932
0 0 168 0.0636736 0.00143495 0.0256078 -0.00499462
0 0 169 0.0702683 0.0429456 0.0244143 0.0242913
0 0 170 0.139191 0.0666041 0.0307016 0.0417242
0 0 171 0.150205 0.0206522 0.0333004 0.0281418
0 0 172 0.0734894 0.0457923 0.0381954 0.0159814
0 0 173 0.0319869 0.0020779 0.0473612 0.0254194
0 0 174 0.0288099 -0.00521847 0.0367931 -0.00330904
0 0 175 0.0512541 0.0150999 0.00321441 0.0010979
0 0 176 -0.00884518 -0.0204072 0.0210679 0.00485811
0 0 177 0.0296881 -0.0255368 0.0440698 0.0107342
0 0 178 0.0298716 0.0374141 -0.0115889 0.0321718
0 0 179 0.143099 0.0357283 0.000417372 0.0198625
0 0 180 0.0440148 0.00639582 0.0161466 0.0247269
0 0 181 0.0649834 0.0170632 0.0200985 0.0074399
0 0 182 0.0887108 0.0384343 0.0351265 0.0346642
0 0 183 0.168125 0.0771538 0.0168736 0.0464157
0 0 184 0.124447 0.022149 0.0098803 0.0371662
0 0 185 0.112589 0.0326154 0.0315375 0.0262285
0 0 186 0.0453939 0.0251695 0.0087124 0.014662
0 0 187 0.101865 0.0475395 0.00591027 0.0323524
0 0 188 0.0954546 0.0343165 0.0146866 -0.00224496
0 0 189 0.130579 -0.0177976 0.0261612 -0.00321798
0 0 190 0.0381155 0.0132111 0.0142543 0.00567671
0 0 191 0.0232863 0.0156847 -0.0163031 0.0368455
0 0 192 0.1472 0.0572254 -0.0122253 0.0208397
0 0 193 0.1199 0.0110598 0.0203932 -0.00396574
0 0 194 0.0958478 -0.0131255 0.0350838 0.00864892
0 0 195 0.0909408 0.0426173 0.0246615 0.0494782
0 0 196 0.132213 0.0380426 0.0215895 0.050609
0 0 197 0.134316 0.0284919 0.0384025 0.0381342
0 0 198 0.0655662 0.0204598 0.0307888 0.00965978
0 0 199 0.0187037 -0.00514579 0.0216668 0.0102709
0 0 200 0.0129178 -0.0119172 0.0340374 0.00609475
0 0 201 0.0536833 0.00587392 0.0345859 0.00302304
0 0 202 0.0292923 0.0106382 0.0440096 0.0211679
0 0 203 0.0235519 0.000505107 0.00883765 -0.00776896
0 0 204 0.0101087 0.0155395 0.000284363 0.0549205
0 0 205 0.14402 0.0538103 -0.0147398 0.0411361
0 0 206 0.0602244 -0.00123832 0.038832 -0.00221898
0 0 207 0.0354752 -0.00735295 0.0247159 0.021199
0 0 208 0.0621866 0.019541 0.0329156 0.030767
0 0 209 0.0812607 -0.00650843 -0.0193563 0.0650802
0 0 210 0.151899 0.0371075 0.0191719 0.0387756
0 0 211 0.0482691 -0.000786686 0.0146864 0.0157792
0 0 212 -0.0334774 -0.0172017 0.0340366 0.017437
0 0 213 0.0343767 -0.0268019 0.016246 0.038675
0 0 214 0.0902595 0.0148864 0.0376693 0.000252127
0 0 215 0.0786669 -0.0337167 0.00677519 0.0476933
0 0 216 0.0137693 -0.00821336 0.0357271 0.0265367
0 0 217 0.0381422 0.00268291 0.0151242 0.0522279
0 0 218 0.081104 0.030635 0.00100112 0.0635804
0 0 219 0.10585 0.00881396 0.051834 0.0189323
0 0 220 0.047601 -0.000993653 0.0556625 0.0074081
0 0 221 0.0643845 0.0188286 0.0155241 0.0386862
0 0 222 0.0925151 0.0006091 -0.0132037 0.0348211
0 0 223 0.159684 0.0329092 0.0266821 0.0505348
0 0 224 0.0851548 -0.000974364 0.0301726 0.0303726
0 0 225 0.0212755 -0.00705442 0.0458713 0.0213652
0 0 226 -0.00794488 0.00601414 0.0314138 0.0529794
0 0 227 0.0503754 0.0104195 0.0507332 0.0108569
0 0 228 0.0140364 -0.0147925 0.028328 0.0332931
0 0 229 0.0182415 -0.00562334 0.0374613 0.0364915
0 0 230 0.0445162 0.0151023 0.0102565 0.030535
0 0 231 0.010336 -0.00397498 0.0402483 0.0572647
0 0 232 0.090235 0.0172792 0.0353337 0.0170302
0 0 233 0.0468152 -0.00839236 0.0339609 0.0133992
0 0 234 0.0853424 -0.00326056 0.0402683 0.0132661
0 0 235 0.0767036 0.0323277 0.0156001 0.047607
0 0 236 0.128665 0.059779 0.00951336 0.0589038
0 0 237 0.154819 0.0263988 0.0592133 0.0258925
0 0 238 0.0492788 -0.00225349 0.0444445 0.0024409
0 0 239 0.0456803 0.0126267 0.0422348 0.045879
0 0 240 0.0644607 0.0303777 0.024571 -0.00190037
0 0 241 0.0519063 -0.00475631 0.0183111 0.00365151
0 0 242 0.0209628 0.00755278 0.0353515 0.0197568
0 0 243 0.0381501 0.0186473 0.0151945 0.0373048
0 0 244 0.0474509 0.0547874 0.00385905 0.029173
0 0 245 0.152603 0.0462219 0.0496173 0.0118867
0 0 246 0.071808 0.0177989 0.0406707 0.0167976
0 0 247 0.089297 0.0426967 0.0322527 0.0276071
0 0 248 0.0721726 0.0361192 0.0334587 0.0601661
0 0 249 0.149696 0.0515538 0.0435776 0.0514874
0 0 250 0.0740417 0.0292037 0.0112519 0.0274689
0 0 251 0.104452 0.0526083 0.0362939 0.0248914
0 0 252 0.165639 0.142928 0.0706232 -0.00129324
0 0 253 0.182792 0.0923621 0.0688607 -0.0152325
0 0 254 0.134699 0.0100442 0.0384829 0.0248413
0 0 255 0.135536 0.0330665 0.0379546 0.0640708
0 0 256 0.129829 0.0211332 0.0258518 0.0653225
0 0 257 0.0972558 0.0226781 0.00651173 0.0229777
0 0 258 0.0109005 -0.0184348 0.0362992 0.0208227
0 0 259 0.0864926 0.019709 0.0399072 0.0156518
0 0 260 0.0865165 0.00500582 0.0434563 -0.00268696
0 0 261 0.107839 -0.0317937 0.0307052 0.040534
0 0 262 0.107713 0.0202323 0.0375744 0.0274009
0 0 263 0.056499 0.00128281 0.010029 0.0602799
0 0 264 0.117116 0.0162875 0.0233418 0.0323006
0 0 265 0.0860797 0.00426085 0.037057 0.0177657
0 0 266 0.0849421 -0.0121186 0.0489281 -0.00081898
0 0 267 0.0647737 -0.00708384 0.0342455 0.0324067
0 0 268 0.116327 0.0469572 0.0499235 0.0293386
0 0 269 0.145531 -0.00868921 0.00966793 0.0608975
0 0 270 0.209149 0.0290015 0.0379549 0.0106007
0 0 271 0.181835 0.0586172 0.0150699 0.0317519
0 0 272 0.21086 0.0745227 0.0258416 0.00856092
0 0 273 0.224783 0.0587938 0.0308831 0.00674062
0 0 274 0.214322 0.0240506 0.021158 0.0595841
0 0 275 0.169914 0.0687492 0.0365194 0.0319801
0 0 276 0.160547 0.109597 0.0307231 0.0741549
0 0 277 0.143046 0.0858116 0.050654 0.011103
0 0 278 0.103499 0.0969401 0.0216933 0.0281936
0 0 279 0.00866686 0.0431265 0.0499412 0.0615419
0 0 280 0.0439904 0.0684369 0.0193577 0.0232397
0 0 281 0.116982 0.0800308 0.0273897 0.0201753
0 0 282 0.120486 0.102946 0.0318093 -0.00887906
0 0 283 0.450874 0.032032 0.0502386 0.101427
0 0 284 0.374394 0.019244 -0.00322273 0.0608515
0 0 285 0.396689 0.0213281 0.0792729 0.0814627
0 0 286 0.341525 0.136155 0.045658 0.0153695
0 0 287 0.219913 0.126995 0.0410232 0.0515632
0 0 288 0.224806 0.105423 0.0395421 0.0329873
0 0 289 0.198501 0.102848 0.0218028 0.0100424
0 0 290 0.186583 0.0821411 0.060346 0.0228742
0 0 291 0.150767 0.0853345 0.0366876 0.0120155
0 0 292 0.10997 0.0688535 0.0557812 0.0221325
0 0 293 0.0603192 0.0350143 0.0448701 0.0311943
0 0 294 0.031858 0.0459578 0.0281492 0.0367103
0 0 295 0.0933336 0.038672 0.0524396 0.0287218
0 0 296 0.0894498 0.0426423 0.0553588 0.0254058
0 0 297 0.130816 0.0879646 0.0337283 0.0435075
0 0 298 0.0964513 0.0768891 -0.0002058 0.0577894
0 0 299 0.184291 0.0653289 0.0445008 0.0465703
0 0 300 0.0913387 0.0631177 0.0274585 0.0530091
0 0 301 0.136288 0.0532209 0.0521794 0.0599914
0 0 302 0.0676555 0.0385735 0.042095 0.0245749
0 0 303 0.0472576 0.0430645 0.0357637 0.0299761
0 0 304 0.100462 0.117196 0.00733013 0.0198455
0 0 305 0.0984803 0.0390207 0.0458993 0.00613265
0 0 306 0.0979593 0.0526819 0.0408999 -0.00105482
0 0 307 0.105437 0.0472064 0.0383078 0.0327651
0 0 308 0.0646201 0.0210636 0.0202984 0.075403
0 0 309 0.162525 0.0366013 0.0262499 0.0227186
0 0 310 0.0991294 0.0292823 0.0129581 0.0677974
0 0 311 0.136933 0.0438937 0.0364369 0.0498169
0 0 312 0.146553 0.0504181 0.0437754 0.0759692
0 0 313 0.14091 0.0316087 0.0178778 0.0575885
0 0 314 0.0895856 0.021952 0.0359218 0.0329637
0 0 315 0.0261542 -0.0109698 0.0309825 0.0411825
0 0 316 0.110005 0.013484 0.0184083 0.0301074
0 0 317 0.15797 0.0484329 0.0197389 0.0333475
0 0 318 0.157882 -0.00746586 -0.0024672 0.0174595
0 0 319 0.184953 0.0322068 0.0502236 0.0445354
0 0 320 0.456488 0.066396 0.0152169 0.0583914
0 0 321 1.69114 0.394035 0.0367234 0.049121
0 0 322 4.08135 0.691511 0.0146164 0.0168272
0 0 323 3.52015 -0.210716 0.0489402 0.0151756
0 0 324 2.31801 -0.16948 -0.0383309 0.0635867
0 0 325 2.0822 0.336467 0.00768341 0.0298491
0 0 326 1.59657 0.13883 -0.00974659 0.0268515
0 0 327 1.42275 0.0419023 -0.0273444 0.0123988
0 0 328 1.2814 0.031357 -0.0349148 -0.00491997
0 0 329 1.29595 0.322897 -0.061109 -0.0297149
0 0 330 1.60895 0.781331 -0.0611334 0.00369495
0 0 331 1.82661 0.587132 0.0161065 -0.0243423
0 0 332 1.93923 0.442931 -0.0531983 -0.104097
0 0 333 2.22902 0.287569 -0.131941 -0.0861352
0 0 334 3.49138 0.196084 -0.159443 -0.0509858
0 0 335 5.8175 1.52719 -0.112404 -0.048169
0 0 336 3.94151 0.800378 -0.0451643 -0.00351838
0 0 337 2.03084 0.510217 -0.261146 -0.0548701
0 0 338 1.34219 0.357825 -0.322164 -0.131286
0 0 339 0.951917 0.202323 -0.289366 -0.0786406
0 0 340 0.795705 0.162079 -0.290476 -0.0931861
0 0 341 0.64308 0.122635 -0.289418 -0.0879849
0 0 342 0.648793 0.082745 -0.307756 -0.0760186
0 0 343 0.602778 0.0956385 -0.280846 -0.0953606
0 0 344 0.593475 0.0698031 -0.271022 -0.0795388
0 0 345 0.418411 0.03759 -0.190732 -0.0495058
0 0 346 0.333268 0.0527063 -0.103995 0.00150163
0 0 347 0.551103 0.0554651 -0.189548 -0.0942467
0 0 348 0.528221 0.0858888 -0.140806 -0.0874298
0 0 349 0.555551 0.0736718 -0.177457 -0.113956
0 0 350 0.57012 0.142496 -0.234342 0.00888371
0 0 351 0.436165 0.0918416 -0.106106 0.0704756
0 0 352 0.566923 0.100982 -0.182053 0.0255465
0 0 353 0.612249 0.127644 -0.269238 0.0253241
0 0 354 0.566752 0.0779884 -0.244421 0.0366135
0 0 355 0.513957 0.0709005 -0.245225 0.0222668
0 0 356 0.435977 0.0569839 -0.229148 0.0650908
0 0 357 0.428065 0.0591162 -0.15137 0.00727247
0 0 358 0.379872 0.0206779 -0.0997652 -0.0261364
0 0 359 0.324617 -0.0276655 -0.107314 0.0677786
0 0 360 0.31702 0.00255163 -0.090874 0.0662857
0 0 361 0.358882 0.0392838 -0.144125 0.0992082
0 0 362 0.473494 -0.00362573 -0.118961 0.0716346
0 0 363 0.353273 0.0130067 -0.0798636 0.0420525
0 0 364 0.328165 0.013643 -0.0666095 0.0602217
0 0 365 0.327812 0.0252213 -0.0367319 0.0904875
0 0 366 0.270362 0.0222935 0.0121333 0.0559308
0 0 367 0.157057 0.00873939 0.015244 0.0450363
0 0 368 0.121702 -0.0337578 0.0102618 0.0613092
0 0 369 0.171555 -0.00712455 0.0401622 0.0577373
0 0 370 0.258536 0.0547047 -0.0121411 -0.0079937
0 0 371 0.227031 0.0349584 0.00174576 0.0333037
0 0 372 0.221738 0.0708401 -0.0146082 0.0364622
0 0 373 0.193675 0.0453003 -0.0430861 0.0905511
0 0 374 0.233687 0.0415343 0.0411495 0.0894809
0 0 375 0.165613 0.0334368 0.0268311 0.0574578
0 0 376 0.135103 0.05394 0.0431929 0.0678334
0 0 377 0.176599 0.039614 0.0401459 0.0545426
0 0 378 0.15842 0.0471111 0.0449239 0.0359084
0 0 379 0.155409 0.0220008 0.042687 0.0556404
0 0 380 0.158701 0.0493139 0.0191693 0.053246
0 0 381 0.110583 0.000207002 0.0615694 0.0331442
0 0 382 0.0521797 0.0366603 0.0636807 0.0289068
0 0 383 0.423027 0.141641 0.194197 0.0380184
0 0 384 0.403677 0.139805 0.110589 0.0873748
0 0 385 0.416556 0.149825 0.0667132 0.0826757
0 0 386 0.203742 0.0409867 -0.0153273 0.069171
0 0 387 0.204644 0.0300273 0.0485983 0.0616327
0 0 388 0.173008 0.0347709 0.0532813 0.0365864
0 0 389 0.209044 0.0477867 0.0260324 0.0518968
0 0 390 0.216974 0.0438279 0.0384937 0.0636268
0 0 391 0.18377 0.0380706 0.0349692 0.0497812
0 0 392 0.168695 0.0332469 0.0519836 0.0839206
0 0 393 0.129756 0.0216902 0.0420412 0.0529743
0 0 394 0.0625894 0.00312052 0.0357486 0.0585326
0 0 395 0.0981713 0.0284225 0.0746769 0.0301486
0 0 396 0.102608 0.00977879 0.06266 0.0344278
0 0 397 0.0644357 0.00937747 0.0512211 0.0566302
0 0 398 0.0908777 0.0272305 0.0421567 0.0552462
0 0 399 0.14239 0.0435882 0.00703209 0.0835257
0 0 400 0.194868 0.0568862 0.0660648 0.0321028
0 0 401 0.111836 0.0329408 0.0617057 0.0787575
0 0 402 0.124321 0.0466358 0.0426895 0.0349837
0 0 403 0.176298 0.0797023 0.00595298 0.0457507
0 0 404 0.393045 0.161223 -0.0697603 0.0194376
0 0 405 0.375505 0.147225 -0.0642255 -0.0137412
0 0 406 0.309717 0.136923 -0.0494684 0.014856
0 0 407 0.0906753 -0.00434746 0.0433817 0.0715324
0 0 408 0.125977 0.0347225 0.0831279 0.0459962
0 0 409 0.0886281 0.0130423 0.0629963 0.0416255
0 0 410 0.11445 -0.00191718 0.0476194 0.05519
0 0 411 0.154852 0.0480322 0.0516802 0.027886
0 0 412 0.142132 0.0260861 0.0142222 0.0986692
0 0 413 0.267346 0.0272848 0.0580508 0.0114069
0 0 414 0.170825 0.0259481 0.0389267 0.0573373
0 0 415 0.256717 0.0439149 0.0418028 0.0504182
0 0 416 0.166486 0.0309508 0.0339105 0.0868028
0 0 417 0.273434 0.0502301 0.120142 0.031571
0 0 418 0.408584 0.0330234 0.160901 -0.0184817
0 0 419 0.358977 0.0240275 0.182014 -0.000453838
0 0 420 0.232814 0.0264799 0.120771 0.0404962
0 0 421 0.1341 0.0597295 0.0706974 0.0690129
0 0 422 0.0804935 -0.00319004 0.0720337 0.0268712
0 0 423 0.0803481 -0.0129336 0.0653719 0.0526058
0 0 424 0.131527 0.0261714 0.0527425 0.0527276
0 0 425 0.146056 0.0470981 0.0171977 0.108549
0 0 426 0.266794 0.046133 0.0727119 0.0593819
0 0 427 0.164341 0.0622206 0.0662539 0.0866877
0 0 428 0.210509 0.0767219 0.0612935 0.10596
0 0 429 0.206663 0.0664883 0.0796048 0.0772997
0 0 430 0.192504 0.0288294 0.0734505 0.0504892
0 0 431 0.155381 0.0230364 0.0718474 0.0681159
0 0 432 0.0645031 0.00291461 0.0868246 0.0628043
0 0 433 0.0585782 0.0219 0.0601535 0.0683336
0 0 434 0.0864211 0.0602993 0.0898009 0.048128
0 0 435 0.13033 -0.0102297 0.070384 0.0311521
0 0 436 0.137858 -0.00237412 0.0714031 0.0452324
0 0 437 0.108063 0.0447233 0.0635397 0.062868
0 0 438 0.145037 0.0513671 0.0234553 0.0883384
0 0 439 0.200254 0.0470927 0.0782137 0.0591954
0 0 440 0.117319 0.00958165 0.0687823 0.0375002
0 0 441 0.160347 0.019724 0.0596718 0.0556836
0 0 442 0.136734 0.0283964 0.0342519 0.0579549
0 0 443 0.199546 0.0527352 0.0437984 0.0998442
0 0 444 0.138467 0.00837759 0.0619436 0.0568282
0 0 445 0.0679474 0.0172915 0.0771593 0.0238815
0 0 446 0.0649411 0.00785607 0.0755109 0.0584256
0 0 447 0.118244 0.0320599 0.087872 0.0496529
0 0 448 0.125558 0.00706181 0.079476 0.0178811
0 0 449 0.0834751 -0.00919776 0.0650573 0.0411651
0 0 450 0.135569 0.0350671 0.020785 0.0786676
0 0 451 0.174418 0.0133309 0.0475009 0.100331
0 0 452 0.202137 0.00516675 0.0879777 0.0494946
0 0 453 0.11598 0.0268344 0.032877 0.0401751
0 0 454 0.138204 0.0343141 0.0730883 0.066474
0 0 455 0.100052 0.0188085 0.0713894 0.0656406
0 0 456 0.154586 -0.00171439 0.0664651 0.0510417
0 0 457 0.100278 -0.00149213 0.0504131 0.03072
0 0 458 0.0678336 -0.00444163 0.0798838 0.0562184
0 0 459 0.0624418 0.00822768 0.0568155 0.0635808
0 0 460 0.134908 0.0322412 0.0680067 0.0334343
0 0 461 0.141803 -0.0221656 0.0735658 0.0487625
0 0 462 0.156479 0.0224552 0.0692337 0.0541784
0 0 463 0.0967513 0.0465122 0.038302 0.117148
0 0 464 0.154844 0.0313009 0.0211234 0.059356
0 0 465 0.171246 0.0307976 0.0491806 0.0621617
0 0 466 0.10368 0.0110425 0.070311 0.0392909
0 0 467 0.138135 0.0239071 0.0571188 0.06439
0 0 468 0.163271 0.0413189 0.0380465 0.0593032
0 0 469 0.18095 0.050871 0.00446344 0.0932414
0 0 470 0.327335 0.106634 0.0104493 0.0151055
0 0 471 0.323486 0.100524 -0.00828038 -0.0235724
0 0 472 0.311247 0.12938 -0.0327519 -0.054408
0 0 473 0.191286 0.0601223 0.0341978 0.0338316
0 0 474 0.0874948 0.01731 0.0765428 0.0566026
0 0 475 0.0403611 -0.00419041 0.0616904 0.0825567
0 0 476 0.0878057 0.040732 0.0755957 0.076115
0 0 477 0.124739 0.04109 0.0633495 0.049554
0 0 478 0.119788 -0.00372304 0.0562952 0.0592603
0 0 479 0.191431 0.0423348 0.0741133 0.0419841
0 0 480 0.199886 0.0498704 0.00861889 0.0874078
0 0 481 0.269685 0.0462273 0.0227468 0.0876057
0 0 482 0.253567 0.0246902 0.0433316 0.08114
0 0 483 0.199766 0.0489544 0.0580489 0.0801837
0 0 484 0.124634 0.000658014 0.0928034 0.0508585
0 0 485 0.0496317 0.00973256 0.0669909 0.0631768
0 0 486 0.0942173 0.0243673 0.0895231 0.0450992
0 0 487 0.126726 0.0379265 0.0617921 0.0403875
0 0 488 0.0807375 -0.00264278 0.0652416 0.0546073
0 0 489 0.143322 0.0547925 0.0899398 0.0577158
0 0 490 0.140181 0.0520974 0.0176607 0.0991579
0 0 491 0.215234 0.057324 0.0680308 0.0625518
0 0 492 0.130573 0.0186485 0.0622256 0.0673646
0 0 493 0.118043 0.0460176 0.0472741 0.10849
0 0 494 0.195117 0.0450504 0.0844622 0.0643029
0 0 495 0.0968736 0.0181929 0.0747475 0.0602449
0 0 496 0.123337 0.0231611 0.0905702 0.0630581
0 0 497 0.108662 0.0286543 0.0692328 0.0692409
0 0 498 0.0283243 -0.0016991 0.073377 0.049277
0 0 499 0.0883953 0.0358746 0.0629914 0.0646308
0 0 500 0.118093 0.0257527 0.0888018 0.0726385
0 0 501 0.11435 0.00626568 0.0671632 0.0548243
0 0 502 0.146135 0.0509292 0.0706195 0.0698527
0 0 503 0.135414 0.0437986 0.0143005 0.101381
0 0 504 0.243997 0.044088 -0.00616796 0.0353355
0 0 505 0.236326 0.0762964 0.0135123 -0.0123434
0 0 506 0.171928 0.0532293 0.0545782 -0.00419829
0 0 507 0.0987101 -0.0110046 0.0731595 0.0763939
0 0 508 0.117261 0.033244 0.0685887 0.0569056
0 0 509 0.09251 0.0438443 0.00626062 0.12441
0 0 510 0.223529 0.0371486 0.0874255 0.0781923
0 0 511 0.131642 0.0310932 0.0877449 0.0853446
