File: pulse_724501465.ar Src: J1239+2453 Nsub: 1 Nch: 1 Npol: 4 Nbin: 512 RMS: 0.0409676
MJD(mid): 58123.442435943619 Tsub: 1.382 Freq: 1380.000 BW: -800

0 0 0 0.100427 -0.00657874 0.018794 0.0211187
0 0 1 0.132556 0.049011 0.00270575 0.0302434
0 0 2 -0.0364174 -0.00906883 -0.00189424 0.0022992
0 0 3 0.104153 0.0518004 -0.0150883 -0.0344501
0 0 4 -0.0070317 0.0197924 -0.0141612 0.0174833
0 0 5 -0.046558 -0.00683812 -0.00313299 -0.0262268
0 0 6 -0.010071 0.0399772 -0.0210613 -0.014941
0 0 7 0.00493836 0.0320468 -0.0195349 -0.0105652
0 0 8 0.0851087 0.0278978 -0.0123195 -0.00485627
0 0 9 -0.0504374 0.0183925 -0.0403397 0.00830153
0 0 10 -0.0639278 -0.0305165 -0.0092647 0.0110913
0 0 11 -0.0311413 0.0195621 -0.0194936 -0.00670735
0 0 12 0.00481537 0.0291346 -0.0329201 -0.0235939
0 0 13 0.003222 0.0150923 -0.00858868 -0.0127175
0 0 14 -0.0184719 0.00285793 -0.0146115 -0.00731421
0 0 15 -0.0364378 0.0249472 -0.0104513 0.0274964
0 0 16 0.0645629 0.03491 -0.0262408 0.0162544
0 0 17 -0.0180828 -0.00246152 -0.0123715 -0.0119421
0 0 18 0.0203244 0.00467771 -0.0174344 0.0122099
0 0 19 0.0236532 0.0103421 -0.0209996 -0.00185876
0 0 20 0.0577878 0.0225318 -0.0172503 0.000473298
0 0 21 0.0806172 0.00996527 0.0080739 0.0140458
0 0 22 0.0469375 0.00580726 -0.025071 0.0194993
0 0 23 0.00777125 0.00108975 -0.0130753 -0.0096662
0 0 24 0.0250836 0.0131966 -0.0067845 0.00624175
0 0 25 0.00851968 0.0162892 0.00434289 0.0240437
0 0 26 -0.0317135 0.0149463 -0.00826038 -0.00770719
0 0 27 -0.0821675 -0.0357118 0.000575075 0.0101258
0 0 28 -0.0152119 0.0298022 -0.00421101 -0.00942099
0 0 29 0.0191519 0.0299579 -0.01259 -0.0289736
0 0 30 -0.00966747 0.0292699 0.000522249 0.00573066
0 0 31 0.0351354 0.04159 -0.032955 -0.00610041
0 0 32 0.0145903 0.00361632 0.00146736 0.00634581
0 0 33 0.123886 0.048226 -0.00327413 -0.0279032
0 0 34 0.0594612 0.0504603 -0.0120131 0.00174677
0 0 35 0.0506188 0.0571423 -0.00195853 -0.026139
0 0 36 0.0247132 0.0254541 -0.0315464 -0.000420111
0 0 37 0.0133135 0.0442993 -0.039135 -0.0262737
0 0 38 0.000916169 0.0128517 -0.00555805 0.00348098
0 0 39 -0.0412574 0.00949408 -0.0296177 0.00127877
0 0 40 0.000965196 0.0255211 -0.00945682 0.0109556
0 0 41 -0.0125663 0.0209728 -0.0437036 -0.0271576
0 0 42 -0.0573764 -0.0522238 -0.0275108 0.00943034
0 0 43 0.0140411 0.0551982 -0.0169397 -0.0059908
0 0 44 0.0546827 0.0451751 0.00314392 -0.0112728
0 0 45 0.103868 0.0611334 -0.0331902 -0.00473763
0 0 46 0.0996252 0.0522031 -0.0230816 0.0107076
0 0 47 0.0508916 0.033427 -0.00567542 0.0151819
0 0 48 0.0278114 0.039841 -0.0215602 0.0103222
0 0 49 0.0413233 0.0281585 -0.000591951 -0.00221002
0 0 50 0.0610648 0.0373765 0.0148198 -0.000203117
0 0 51 0.0150869 0.000288823 -0.00541955 -0.00439233
0 0 52 -0.0534337 -0.0143214 -0.00792964 -0.0208409
0 0 53 -0.0436725 -0.0183754 -0.0108993 -0.0133924
0 0 54 -0.0288989 0.0170656 -0.0239313 -0.00630918
0 0 55 -0.0115711 -0.0204923 -0.0184867 -0.0228752
0 0 56 0.00876701 0.00530989 0.00297967 0.0122214
0 0 57 -0.00441033 0.000391656 -0.00666528 0.0114483
0 0 58 0.0754252 0.0549682 -0.00960855 0.0026385
0 0 59 0.0873775 0.0396042 -0.014496 0.0118728
0 0 60 0.0711214 0.0154374 0.00758372 -0.0247915
0 0 61 0.0327622 0.0315916 -0.00928668 0.0115095
0 0 62 0.0145115 0.00675281 -0.00518138 -0.00498501
0 0 63 -0.0271884 -0.0273265 -0.0133034 0.00351925
0 0 64 -0.00776369 -0.00625417 0.000643974 0.0222655
0 0 65 -0.0642482 -0.00602742 -0.000176707 0.000981852
0 0 66 -0.0568451 -0.0176462 0.000312428 0.0158711
0 0 67 -0.0463372 0.000410001 -0.00388217 -0.0137602
0 0 68 -0.0354585 -0.0338677 -0.00454401 -0.0237293
0 0 69 -0.0114403 0.00151198 0.00314802 -0.0152865
0 0 70 0.0117937 0.0293387 -0.00688683 -0.00438534
0 0 71 -0.0110413 0.0148287 0.0088547 -0.0150586
0 0 72 0.106655 0.0655768 -0.0118051 -0.0129672
0 0 73 0.0100923 0.018541 -0.00946367 -0.00582556
0 0 74 0.0130562 -0.00377929 -0.0294841 -0.013802
0 0 75 -0.00431681 0.0193576 -0.016822 -0.028862
0 0 76 -0.0100394 0.0200117 -0.0177036 -0.0187339
0 0 77 -0.0386485 0.00191859 -0.0129692 -0.0316651
0 0 78 -0.0969304 -0.0077114 -0.0132229 -0.0186602
0 0 79 -0.078862 0.00156021 -0.00796359 -0.0262234
0 0 80 -0.0284079 0.033253 -0.0387121 -0.0134854
0 0 81 -0.0123424 -0.0144785 -0.0248119 -0.00330349
0 0 82 -0.00614006 -0.00246411 -0.0136992 -0.0121702
0 0 83 -0.0374728 0.00726096 -0.00645731 0.00812777
0 0 84 0.0470138 0.0494387 0.00477738 0.00196846
0 0 85 0.0823061 0.0303355 0.0104174 -0.00816224
0 0 86 0.00208071 0.0100548 -0.0179137 -0.0105205
0 0 87 -0.0509495 -0.0163445 -0.00957677 -0.000587196
0 0 88 -0.0302277 0.00656582 -0.0248454 -0.00439624
0 0 89 -0.0128249 -0.0136358 -0.0171246 -0.0184423
0 0 90 0.00823378 0.0118309 -0.0125178 0.00987621
0 0 91 -0.0258032 -0.0147522 -0.0205688 -0.00330257
0 0 92 -0.0177903 0.0366733 -0.0135083 -0.0106323
0 0 93 0.0583379 0.0217368 -0.0123465 -0.0143654
0 0 94 0.0250774 0.00729837 -0.0193473 -0.0194856
0 0 95 0.0570196 0.0146373 -0.0148985 -0.0111655
0 0 96 0.0395355 0.000922999 0.000319832 -0.0353706
0 0 97 0.0826215 0.0241506 -0.012122 -0.0164357
0 0 98 -0.00845665 -0.0263254 -0.00805418 0.0134963
0 0 99 -0.0248839 0.0188759 0.00655759 0.00356898
0 0 100 -0.042129 0.0147556 -0.0101449 -0.0211324
0 0 101 -0.0876168 -0.0591619 -0.00957252 -0.00730345
0 0 102 -0.0204514 0.0472339 -0.0215689 -0.0126328
0 0 103 -0.0480475 -0.00229706 -0.00211725 0.00488399
0 0 104 -0.0442611 -0.0139966 -0.00227561 -0.0312409
0 0 105 -0.0426763 0.0371285 0.00172401 -0.0160685
0 0 106 0.00926225 0.0266514 -0.0092873 0.000345422
0 0 107 0.0768631 0.0219335 0.00394397 0.013844
0 0 108 0.00718292 -0.0167526 -0.00902325 -0.022542
0 0 109 0.0213887 0.0482327 0.00272523 -0.0171142
0 0 110 0.0805811 0.022224 -0.0262579 -0.00316301
0 0 111 0.0152671 0.00138607 -0.0245776 -0.00997706
0 0 112 0.00781287 -0.0106018 0.00134699 0.00176498
0 0 113 -0.0169009 0.0133841 0.000833132 -0.0106434
0 0 114 -0.00386001 -0.025616 -0.0205656 -0.0119177
0 0 115 -0.0456219 0.00246554 -0.0107394 -0.0149644
0 0 116 0.00686065 0.0199794 0.016804 -0.00805471
0 0 117 -0.0281533 0.0200983 0.0202748 -0.0277007
0 0 118 0.0465497 0.0490018 0.00199814 -0.0236395
0 0 119 -0.0543485 -0.0119858 -0.0137871 -0.0106229
0 0 120 0.0112347 -0.0175955 -0.0158528 -0.014867
0 0 121 0.0173856 0.0250299 -0.0157363 -0.0113942
0 0 122 0.0700175 0.0318761 -0.00798961 0.000874839
0 0 123 0.106168 0.0323778 0.0057871 0.00538237
0 0 124 0.039016 0.00689305 -0.0174177 0.0169444
0 0 125 0.0253501 -0.0217675 -0.0191284 0.00162937
0 0 126 0.0285618 0.0285118 -0.012354 -0.0269093
0 0 127 -0.0037722 0.0159524 -0.00222084 -0.00778757
0 0 128 0.0200834 -0.00314054 -0.0032473 -0.0179205
0 0 129 0.0315949 0.0179198 -0.0254472 -0.020977
0 0 130 -0.0314709 -0.046214 0.0046068 -0.0018252
0 0 131 -0.0327585 -0.0211095 0.0238489 -0.00257978
0 0 132 0.0299782 0.0395358 0.00151846 -0.00455006
0 0 133 0.0749753 0.0184664 -0.0102689 -0.0113659
0 0 134 0.0609406 -0.00459545 -0.0237137 -0.0290251
0 0 135 -0.000881895 -0.00129574 -0.00728514 0.0133401
0 0 136 0.0376144 0.00350827 -0.0237348 -0.00350358
0 0 137 0.108812 0.0306713 0.00212111 0.00452971
0 0 138 0.0139072 -0.0203469 0.0114658 -0.00256919
0 0 139 0.0235905 -0.00027576 -0.0162161 -0.00103065
0 0 140 0.00361805 0.0162477 -0.00473129 0.0156076
0 0 141 -0.017427 -0.0121407 0.0027967 -0.00948155
0 0 142 -0.037617 -0.0087466 0.00853926 -0.00176054
0 0 143 -0.0915098 -0.0236974 -0.0178354 0.0137549
0 0 144 -0.0427617 0.0151793 0.0139122 -0.039272
0 0 145 -0.0361446 0.0196945 -0.0283854 -0.0342984
0 0 146 -0.037733 -0.0268587 -0.0150254 -0.00888996
0 0 147 -0.011448 0.0135491 0.00606977 -0.00314425
0 0 148 0.0134077 0.0130574 -0.00203873 0.00221387
0 0 149 0.0915478 0.0302412 -0.0137212 -0.0122146
0 0 150 0.0598215 -0.00247723 -0.00775025 0.00148374
0 0 151 -0.0192746 0.00268536 -0.0206976 -0.00844935
0 0 152 -0.0410537 -0.0155752 0.0136579 -0.0138922
0 0 153 -0.0339109 0.0119066 0.0024903 -0.017157
0 0 154 0.00683094 0.00373872 0.00680876 -0.0157732
0 0 155 -0.0375258 -0.00162996 -0.0114286 -0.0254249
0 0 156 0.0182955 -0.00881354 0.0198075 -0.0165418
0 0 157 0.00877377 -0.00289322 -0.00153301 -0.00747487
0 0 158 0.000811864 0.000914475 -0.00874407 0.00211572
0 0 159 0.038446 0.010966 -0.0177251 -0.0207305
0 0 160 0.0158437 0.014399 0.0300521 0.00449481
0 0 161 0.0519979 0.00415565 0.019868 -0.0129187
0 0 162 0.385613 0.118305 0.119251 0.0765194
0 0 163 0.184556 0.100601 -0.00114209 -0.112875
0 0 164 0.211143 -0.00491203 0.0354584 -0.00276882
0 0 165 -0.0336241 -0.0270085 0.0236002 -0.0120936
0 0 166 -0.02088 0.0213227 -0.020713 -0.0329145
0 0 167 -0.0150536 -0.00967178 0.00899919 -0.017586
0 0 168 0.00574995 -0.0217213 -0.00320956 -0.0360083
0 0 169 0.0063297 0.0390715 0.0081681 0.000812156
0 0 170 -0.0342658 0.00457225 -0.0141291 -0.00100089
0 0 171 -0.0151473 -0.00579807 -0.0191168 0.00662138
0 0 172 -0.0360554 0.014589 -0.00367429 -0.031166
0 0 173 0.00987094 0.00121087 -0.0133504 0.00616228
0 0 174 -0.000874467 -0.00671695 -0.00775744 -0.010291
0 0 175 0.0369901 0.0336501 -0.0103021 0.00310731
0 0 176 0.0135643 0.0104602 -0.00525178 -0.0125706
0 0 177 0.125472 0.0371182 0.00773333 -0.0116019
0 0 178 0.00615215 0.00654555 -0.00553459 -0.0111034
0 0 179 -0.00748814 -0.00536084 -0.00266617 -0.0139945
0 0 180 0.0131074 0.00856784 -0.00136749 -0.0281358
0 0 181 -0.0220764 -0.00650514 -0.00875742 -0.0139859
0 0 182 0.00589892 0.041472 0.0202869 -0.00602247
0 0 183 0.0783645 0.0731905 0.0300738 0.00651075
0 0 184 0.0632627 0.0700723 0.00756641 -0.00620807
0 0 185 0.12019 0.0654003 0.00983529 -0.0351515
0 0 186 -0.0341951 -0.0556244 0.00862413 4.62583e-05
0 0 187 0.00668926 0.0103102 0.00683476 -0.0098056
0 0 188 0.0152465 0.00764342 -0.0055662 -0.00406365
0 0 189 0.0435866 -0.00919732 -0.00745659 0.00709407
0 0 190 0.0262233 0.00865739 -0.00396278 -0.011178
0 0 191 -0.0270121 -0.0133864 -0.00313603 -0.00330373
0 0 192 -0.0198593 -0.00524994 0.0255953 -0.0226182
0 0 193 0.0153165 0.0178028 0.00876279 -0.047071
0 0 194 0.0174986 0.00881335 -0.00259581 -0.0605642
0 0 195 0.015811 -0.0114464 0.00628125 -0.0411506
0 0 196 -0.00757989 0.0241328 -0.00626341 -0.0177036
0 0 197 -0.014997 0.0201287 0.00604899 0.0371923
0 0 198 0.0586044 0.0148518 -0.00707227 -0.00475831
0 0 199 0.0327301 -0.00740583 -0.0192251 -0.00861373
0 0 200 -0.0290915 -0.0261373 0.0101451 -0.0157686
0 0 201 0.0117674 0.00671603 -0.0242162 -0.0219814
0 0 202 0.00329416 0.0318447 0.0105586 0.0107052
0 0 203 0.0416796 -0.00754785 -0.01717 -0.00309747
0 0 204 0.0285434 -0.0145359 0.000249386 -0.00644452
0 0 205 -0.0441431 -0.0229973 -0.0227679 0.0288977
0 0 206 0.0737918 0.00606896 0.00389777 -0.0270693
0 0 207 -0.0262322 -0.024442 0.0116845 -0.0281143
0 0 208 0.0167872 -0.0108583 -0.00281171 -0.00581338
0 0 209 0.0112422 -0.00360875 -0.0265395 -0.00538497
0 0 210 0.0596798 -0.000524794 -0.027011 0.00631049
0 0 211 0.0812221 -0.00764563 -0.00767325 -0.000129546
0 0 212 0.016536 -0.00806252 0.000627619 -0.00113351
0 0 213 0.0242908 -0.00780973 -0.000670214 0.00241822
0 0 214 -0.0072659 -0.0225536 0.0201271 0.0134495
0 0 215 -0.00579143 -0.00489194 0.0024666 -0.000776692
0 0 216 -0.0198117 -0.0288829 -0.0118088 0.00278151
0 0 217 -0.00438009 -0.00127416 -0.00790507 0.023792
0 0 218 -0.0379368 -0.0109314 0.00237161 0.00256054
0 0 219 -0.0244946 -0.0337962 -0.00459415 0.0144907
0 0 220 -0.0257349 0.00941477 -0.0113721 0.019242
0 0 221 -0.0817935 -0.0273642 -0.0117977 0.0121387
0 0 222 -0.0244257 0.0171851 -0.0192508 -0.0102925
0 0 223 -0.016362 -0.00204821 -0.0273573 0.00374963
0 0 224 -0.017923 -0.0117718 0.00686351 -0.0108841
0 0 225 0.0372138 0.0232692 -0.0109554 0.0108947
0 0 226 0.0712483 0.0358348 0.00626852 0.000452635
0 0 227 0.139852 0.0175736 -0.0101853 0.00517282
0 0 228 0.0729403 0.0199624 -0.00334266 0.0184528
0 0 229 0.025041 -0.0131689 0.0113107 0.00650672
0 0 230 0.000302216 -0.00979208 -0.0114513 0.0222565
0 0 231 -0.00171816 -0.00199634 0.000861049 -0.0231686
0 0 232 8.50449e-05 -0.0117755 0.00498282 0.0023891
0 0 233 -0.0298007 -0.0137928 -0.00404303 0.0273854
0 0 234 -0.0598647 -0.00538025 0.021935 -0.00113266
0 0 235 -0.0404339 -0.00532173 -0.0146931 -0.00879299
0 0 236 0.0184727 0.0250911 0.00350677 -0.0284932
0 0 237 0.0119427 -0.0130437 0.0178895 -0.0018862
0 0 238 -0.0136858 -0.0432466 0.0144028 0.00517485
0 0 239 0.00631918 0.00811154 0.0329011 -0.000433582
0 0 240 0.0209382 -0.0194651 0.00195687 0.00153185
0 0 241 0.0570539 0.00828478 0.0136455 -0.021829
0 0 242 -0.0433426 -0.0224798 0.0146585 0.00798981
0 0 243 -0.0612039 -0.0315754 0.0112761 -0.00787713
0 0 244 -0.0663739 -0.000713197 -0.00534144 0.00500373
0 0 245 -0.00155835 0.0188219 0.0131717 -0.0044984
0 0 246 -0.0513145 -0.0383303 0.00706574 -0.0159192
0 0 247 -0.0264971 -0.021354 0.00646514 0.00580174
0 0 248 -0.0187295 0.00669319 -0.00599583 0.0145806
0 0 249 0.0472545 0.029024 -0.00643747 0.00743806
0 0 250 0.0359627 0.0154126 -0.0133901 0.0249059
0 0 251 0.00534859 0.0368624 -0.0166928 0.0211566
0 0 252 -0.00656311 -0.00405497 0.0209822 0.00762139
0 0 253 0.0038383 0.011196 0.0092164 0.020742
0 0 254 -0.0105253 0.0235533 -0.0108514 0.0133464
0 0 255 -0.0156304 0.0108907 0.00520403 -0.00223281
0 0 256 0.00950855 0.00159411 0.0115283 0.00610542
0 0 257 -0.0384514 -0.000519093 -0.00573516 0.00469993
0 0 258 -0.000468532 0.0221124 -0.00900427 -0.0177481
0 0 259 -0.0141384 -0.000127727 0.0174304 0.00363983
0 0 260 0.00610869 0.0162901 0.0168945 -0.0279379
0 0 261 -0.0396794 0.00321586 0.00137151 -0.0156538
0 0 262 -0.0963966 -0.0247713 -0.000206305 -0.0321839
0 0 263 -0.0246048 0.00907277 -0.0140033 -0.00310272
0 0 264 0.00969242 -0.00811663 7.07357e-05 0.00225711
0 0 265 0.0116997 -0.00443519 0.00356535 0.0056743
0 0 266 0.0256558 0.0373917 0.0068595 -0.0244308
0 0 267 0.0241925 0.00911259 0.0271503 0.0175227
0 0 268 0.064627 0.0183188 0.000559967 0.00190442
0 0 269 -0.0866353 -0.00537081 0.00834013 -0.0106297
0 0 270 -0.0423438 0.033534 0.00186052 -0.00954018
0 0 271 0.00917295 0.0234237 0.0013951 -0.0435221
0 0 272 -0.00407644 3.69442e-06 0.00314194 -0.00942064
0 0 273 0.0139249 0.0273966 0.000588862 0.0167676
0 0 274 -0.0499025 0.015873 0.0022662 0.00946363
0 0 275 0.0751566 0.0162067 -0.000493134 0.00627269
0 0 276 0.0195795 0.0258912 0.00690866 -0.0262573
0 0 277 0.0295603 0.0195822 0.0129466 -0.006469
0 0 278 0.017777 0.00790087 -0.0220786 -0.0121948
0 0 279 0.00789464 0.0166941 0.012026 0.0120567
0 0 280 0.0882527 0.0214124 0.019766 -0.00135612
0 0 281 0.042995 -0.00954037 -0.00784755 0.00235207
0 0 282 0.0207572 0.011135 0.0448379 0.0103979
0 0 283 0.0368403 0.0433903 0.0505413 -0.00058996
0 0 284 0.03082 0.0544257 0.0472454 0.00396574
0 0 285 0.00323106 -0.00339928 0.0346724 0.00270615
0 0 286 0.0417982 -0.000662553 0.000549461 -0.00327157
0 0 287 -0.0137422 -0.000972421 0.00658104 -0.0101195
0 0 288 0.0844683 -0.00450462 -0.00370085 -0.00361708
0 0 289 -0.00577886 -0.0163438 0.0113539 0.00419118
0 0 290 -0.0252376 -0.00848303 0.0244477 -0.00527626
0 0 291 0.0209091 0.0161274 -0.0174148 -0.0026913
0 0 292 0.00555265 -0.0390759 0.0176384 -0.0051067
0 0 293 0.025331 -0.00106836 0.00450407 -0.0186545
0 0 294 0.00198229 -0.00568282 -0.0163047 -0.00627349
0 0 295 0.196204 0.107464 -0.0433842 0.120921
0 0 296 0.185216 0.145697 -0.0205461 0.124451
0 0 297 0.189615 0.131595 -0.00297583 0.0970198
0 0 298 -0.0191601 -0.0068807 0.0122456 0.0272859
0 0 299 -0.0625576 -0.0188243 -0.0120064 0.00620376
0 0 300 0.0113403 0.0492662 0.00400705 0.00671553
0 0 301 0.0802341 0.00936201 -0.00345987 -0.00597247
0 0 302 0.0894679 0.00688788 -0.010889 -0.0186012
0 0 303 0.0153476 0.00918836 -0.0136938 0.0103956
0 0 304 0.0416469 0.0095149 0.00397845 0.0144623
0 0 305 0.105778 0.0511931 0.00414413 -0.0128221
0 0 306 0.0331586 0.0278107 0.00190645 0.0239512
0 0 307 0.0641904 0.0289015 -0.000536669 0.0105799
0 0 308 0.00311345 -0.00185382 0.00809434 0.0135335
0 0 309 -0.0207989 -0.00625498 0.00170713 0.001717
0 0 310 6.39123e-05 0.0229133 0.0135981 0.00832641
0 0 311 0.0122248 -0.00657247 0.0113222 0.00435504
0 0 312 0.0120611 -0.00968529 0.00562336 -0.015113
0 0 313 0.0702228 0.0577411 0.00436255 0.00352055
0 0 314 0.0104175 0.0127298 0.0209703 -0.00357456
0 0 315 0.15551 0.0726583 0.0129392 0.0102351
0 0 316 0.171807 0.121507 0.0488486 0.0388838
0 0 317 0.198455 0.147839 0.0375124 0.00282865
0 0 318 0.157739 0.0940523 0.068677 0.0165945
0 0 319 0.178245 0.0945944 0.00147707 -0.0208524
0 0 320 0.431611 0.109616 0.045077 -0.00835206
0 0 321 0.98857 0.276164 -0.0223928 0.0477662
0 0 322 1.43476 0.238923 0.044281 -0.0674207
0 0 323 2.07827 -0.0104073 0.00119724 0.0566558
0 0 324 2.61691 0.869315 -0.0318076 -0.0265552
0 0 325 2.06346 0.315044 0.00738019 0.031359
0 0 326 1.5704 -0.18615 -0.0135845 0.00465384
0 0 327 1.29625 -0.341178 0.0329519 -0.015926
0 0 328 0.770694 -0.185488 -0.00979133 -0.0150821
0 0 329 0.451854 0.0561357 0.0302593 0.000302964
0 0 330 0.499155 0.166786 0.00209988 0.0151284
0 0 331 0.630227 0.268737 0.0343613 0.00656401
0 0 332 0.935963 0.292353 0.0235675 0.00221233
0 0 333 1.30055 0.267329 0.0253469 0.0214101
0 0 334 1.60209 -0.0389043 -0.00597119 0.00686893
0 0 335 1.77143 -0.161255 -0.00128664 0.00897399
0 0 336 1.42421 0.00246178 -0.0187349 -0.0192354
0 0 337 0.835865 -0.0122134 0.00659557 0.0013342
0 0 338 0.539224 0.0129656 0.0179095 0.0145197
0 0 339 0.363836 0.112004 0.0127964 -0.00988956
0 0 340 0.30432 0.112666 0.0185736 0.00960154
0 0 341 0.13877 0.0201863 0.021876 -0.0011956
0 0 342 0.0264989 0.0413202 0.0106455 0.00406399
0 0 343 0.0395835 0.0224066 0.00643741 0.0128148
0 0 344 0.12182 0.0379977 0.0101694 -0.00688896
0 0 345 0.0251351 0.0231327 0.00451834 0.00720219
0 0 346 0.036698 -0.000427929 0.00432171 -0.00562403
0 0 347 -0.0159203 -0.0115989 0.0188817 0.0166894
0 0 348 -0.0483248 -0.0238084 0.00903723 -0.00182112
0 0 349 0.0571682 0.0555008 0.0340792 -0.0198512
0 0 350 0.0601692 0.0387674 0.0320387 -0.0346466
0 0 351 0.0196386 0.0120237 0.0519137 -0.0162725
0 0 352 0.0248295 0.0308086 0.0433462 0.0152253
0 0 353 0.0143766 0.0106243 0.03053 0.0213222
0 0 354 0.145417 0.01826 0.00909653 0.00427255
0 0 355 0.0530437 -0.00157336 0.034938 0.016114
0 0 356 0.043687 0.0179789 0.00626416 0.0113847
0 0 357 0.0997115 0.0157753 0.0250086 0.0165815
0 0 358 0.0391034 0.0193419 0.0161806 0.0231502
0 0 359 0.0616466 0.0244402 0.025066 0.0131862
0 0 360 0.0411714 0.000396368 0.0200363 -0.00301975
0 0 361 0.00526693 -0.0171883 0.0135339 0.0143289
0 0 362 0.0205236 -0.0188397 0.0130284 0.0221185
0 0 363 0.0196294 -0.00884299 -0.0160268 0.0149505
0 0 364 0.012389 -0.0129976 0.0107084 0.0221319
0 0 365 -0.0250752 -0.0272128 0.00385011 0.0324827
0 0 366 0.0036003 0.00671358 0.00321958 -0.00111008
0 0 367 0.0241994 0.00850516 0.011125 -0.0185357
0 0 368 0.0368867 -0.0120069 -0.00136284 0.00907794
0 0 369 0.0851407 -0.00264814 0.0268656 0.0123018
0 0 370 0.0761589 0.0275659 0.0144141 0.0379992
0 0 371 0.153814 0.0437869 0.0111942 0.0201656
0 0 372 0.0360546 0.0120411 0.00863293 0.0144811
0 0 373 -0.0228702 0.00737636 0.000709014 0.00853536
0 0 374 0.00178445 -0.0185369 0.0118992 0.0279555
0 0 375 0.0124557 0.0426107 0.021786 0.00581448
0 0 376 0.0277774 -0.0224602 0.0281525 -0.0104335
0 0 377 -0.0319161 -0.0431762 -0.00783138 -0.010764
0 0 378 0.00369729 0.0187943 0.0125623 0.0175113
0 0 379 0.0298895 0.0280514 0.00471904 0.0114439
0 0 380 0.0999223 0.00816795 0.0268327 -0.00723994
0 0 381 0.0274952 0.00677195 0.015349 -0.00651331
0 0 382 0.093318 0.0473212 0.0315379 0.0124799
0 0 383 0.156286 0.0642505 0.0348768 0.0155562
0 0 384 0.118532 0.0488924 0.0315917 0.0168078
0 0 385 0.0357078 0.0262284 0.0601497 -0.0150667
0 0 386 -0.0271133 -0.0410569 0.0150787 -0.00387196
0 0 387 -0.0509036 -0.006705 0.0226039 0.00132085
0 0 388 0.0240062 0.00621179 0.0328243 0.00238471
0 0 389 0.013687 -0.00447025 0.017345 -0.0107488
0 0 390 0.0152069 -0.000792418 0.00110968 -0.0123166
0 0 391 -0.0173941 -0.00902123 0.0147668 0.0110624
0 0 392 0.081648 0.0297092 0.0112215 0.0200805
0 0 393 0.113227 0.00882343 0.0124061 -0.00627434
0 0 394 0.0420034 -0.0215055 0.046059 -0.00685284
0 0 395 0.109678 0.0361066 0.0178805 0.00960208
0 0 396 0.0624504 0.0400527 0.00852257 0.0279983
0 0 397 0.145362 0.0202024 0.0229637 0.0166334
0 0 398 0.00102415 0.0135678 0.0322656 0.0198442
0 0 399 -0.0327167 0.00428705 0.0221788 0.0260413
0 0 400 0.0502996 0.0452058 0.0225513 0.0154718
0 0 401 0.0105327 0.0257744 -0.00514149 -0.0260234
0 0 402 -0.0193538 -0.0112143 -0.0142896 0.0207937
0 0 403 0.0267955 0.033023 0.0108067 0.0126761
0 0 404 0.0339272 0.0339684 -0.00348106 0.0332176
0 0 405 0.122046 0.0192878 -0.014615 0.0102133
0 0 406 0.0104259 -0.0175498 0.016738 0.00989283
0 0 407 0.0090873 0.010577 -0.00814854 0.0321039
0 0 408 0.0609372 0.0175586 0.000393988 0.00305874
0 0 409 0.0191442 -0.00946484 0.0284362 0.0138035
0 0 410 -0.0229155 -0.0269162 0.0125969 0.00160817
0 0 411 0.0152727 -0.00871598 0.0206443 -0.00842416
0 0 412 -0.00303698 -0.0118354 -0.0157113 0.00680647
0 0 413 0.0941888 -0.00718631 0.0145517 -3.51163e-05
0 0 414 -0.0310174 -0.0362459 0.00790159 0.0229936
0 0 415 0.0427315 0.0244516 0.0202625 -0.00151665
0 0 416 0.0445262 0.00916668 0.00914302 0.0101351
0 0 417 0.088637 0.00883967 0.0215276 -0.0098346
0 0 418 0.0458937 0.00460828 0.0254902 0.00523479
0 0 419 -0.0242366 -0.0211456 0.0131674 0.00749881
0 0 420 0.0186108 0.000960933 0.0114255 0.00983413
0 0 421 0.0378594 0.000705804 0.0178453 -0.0051279
0 0 422 0.0392907 -0.0307267 0.0231073 0.00915282
0 0 423 0.0558183 0.00394241 0.0290961 -0.00956992
0 0 424 0.0156467 -0.00360736 0.010512 0.0458786
0 0 425 0.108548 0.0302562 0.0214885 0.0172102
0 0 426 0.0829587 -0.00487234 0.039539 -0.00192339
0 0 427 0.0330477 0.0107365 0.0177487 -0.00162956
0 0 428 0.0573001 0.0212618 0.020839 0.0090243
0 0 429 0.00808614 0.0217808 0.0308482 0.0165852
0 0 430 0.0217578 0.00657801 0.0494196 0.0230092
0 0 431 -0.0359468 -0.00436692 0.0136683 0.0221532
0 0 432 0.0100948 -0.024614 0.0363128 0.0254368
0 0 433 0.0471745 0.0431102 0.0202575 -0.0144864
0 0 434 0.0491254 -0.0307603 0.0160535 -0.00282418
0 0 435 0.0501219 0.00096391 0.056065 -0.00316638
0 0 436 0.0452466 0.0140525 0.00346647 0.0311977
0 0 437 0.0683295 0.0143004 0.025143 0.0180871
0 0 438 0.01676 -0.0177532 0.00748256 -0.00175721
0 0 439 0.00616844 0.0155553 0.0113343 0.0188078
0 0 440 0.0274938 -0.0107532 0.0295973 0.0149124
0 0 441 -0.0183139 -0.0186274 0.0217933 0.00981409
0 0 442 0.0171995 -0.00932401 0.0339408 0.0216466
0 0 443 0.027867 0.0289051 0.0109372 0.021717
0 0 444 0.136365 0.00464059 -0.00344851 -0.00279622
0 0 445 0.0121192 -0.00886211 0.0212689 0.01967
0 0 446 0.0717179 0.00487557 0.0439328 -0.00343302
0 0 447 0.0666865 0.0112989 0.0048585 0.0305996
0 0 448 0.172858 0.0326862 0.0228913 0.0256089
0 0 449 0.0980615 -0.0191075 -0.00953883 0.0387878
0 0 450 0.0456621 -0.00944786 0.00650592 0.0232054
0 0 451 0.0144119 -0.0294315 -0.00415393 0.0188775
0 0 452 0.0619112 0.0360713 0.02433 0.0209514
0 0 453 0.0172688 0.00217127 0.0285304 0.00730918
0 0 454 0.00243187 -0.0357427 0.0313854 0.013708
0 0 455 0.0283166 0.0200157 0.0218681 0.0537284
0 0 456 0.0529369 0.0168231 0.0209476 0.0596139
0 0 457 0.114973 0.0409493 0.045107 0.0203302
0 0 458 0.0380279 -0.00354745 0.0409638 -0.00672718
0 0 459 0.0427872 -0.00606652 0.0249739 0.00280961
0 0 460 0.0637485 0.0472948 0.0222481 0.0192109
0 0 461 0.0979426 0.0296025 0.00218721 0.0227456
0 0 462 0.126816 0.0367011 0.0171146 0.0174944
0 0 463 0.0675695 0.0350054 0.0115221 -0.0117928
0 0 464 0.0722858 0.0150851 0.0447426 0.0218539
0 0 465 -0.00389729 0.00146322 0.026617 0.00773567
0 0 466 0.00230583 -0.0102711 0.00993007 0.0425188
0 0 467 -0.0410634 -0.0234199 0.023822 -0.0030572
0 0 468 -0.00960132 0.0128366 0.0159305 0.0142013
0 0 469 0.0282181 0.00576684 0.0236662 0.00355353
0 0 470 0.0402128 -0.0177641 0.0316743 0.00123891
0 0 471 0.0679353 -0.00180927 0.0397407 0.0203454
0 0 472 0.077582 0.0117431 0.0298576 0.0345065
0 0 473 0.152055 0.0186331 0.0191789 0.0400341
0 0 474 0.13464 0.00609501 0.0557419 0.0282642
0 0 475 0.0609142 0.00980014 0.0276906 0.0247569
0 0 476 0.0425724 0.0131493 0.0223374 0.012432
0 0 477 0.0506267 -0.0199189 0.0221151 0.0103053
0 0 478 0.0316185 -0.0223574 0.0245609 0.00616877
0 0 479 -0.00507346 -0.0257256 0.0323337 0.0242057
0 0 480 -0.0379555 -0.0469862 0.0370199 0.0148025
0 0 481 -0.029045 -0.00160155 0.0448245 0.00186489
0 0 482 0.0354807 -0.016401 0.0100718 0.0105835
0 0 483 0.046462 -0.0395704 0.0252198 0.00954007
0 0 484 0.0713024 -0.016376 0.0333656 0.0292751
0 0 485 0.101188 0.0152703 0.0195753 0.0416336
0 0 486 0.136487 0.0228758 0.0175174 0.051468
0 0 487 0.155832 0.0478467 0.0384092 0.0220786
0 0 488 0.0990063 -0.00182866 0.036597 0.0257917
0 0 489 0.0367258 0.00204762 0.0474799 0.0198694
0 0 490 0.0345609 -0.00168204 0.0467675 0.0527275
0 0 491 0.00765274 -0.0161672 0.0197001 0.0366091
0 0 492 -0.00795703 -0.0418883 0.0341204 0.0271111
0 0 493 0.012471 0.0294282 0.038582 0.00778128
0 0 494 0.0548176 0.00386876 0.045497 0.0172928
0 0 495 0.0289555 -0.00750388 0.0374045 0.0142536
0 0 496 0.0777554 0.0177803 0.0193613 0.0274604
0 0 497 0.0887665 0.0219274 0.0237405 0.07422
0 0 498 0.153989 0.0334222 0.0227527 0.0136639
0 0 499 0.114405 0.0144595 0.00904725 0.0158035
0 0 500 0.12481 0.0258301 0.0288554 0.0271601
0 0 501 0.0550583 0.0148322 0.0437772 0.0352802
0 0 502 0.0353224 0.00908046 0.0399665 0.0144447
0 0 503 0.000433193 -0.0137918 0.0371109 0.0215467
0 0 504 0.0764409 0.0141696 0.0346035 0.00496169
0 0 505 0.0845838 0.0355798 0.0205789 0.0308317
0 0 506 0.0250223 8.25876e-05 0.0264556 0.0238715
0 0 507 0.0773904 0.013331 0.0226307 0.0463389
0 0 508 0.0498518 0.0314967 0.0166734 0.0403706
0 0 509 0.110454 0.0262226 0.0121931 0.0232558
0 0 510 0.0722943 0.0142959 0.01466 0.00651613
0 0 511 0.105192 0.0354897 0.0164879 0.0287473
