File: pulse_724501470.ar Src: J1239+2453 Nsub: 1 Nch: 1 Npol: 4 Nbin: 512 RMS: 0.0449141
MJD(mid): 58123.442515939596 Tsub: 1.382 Freq: 1380.000 BW: -800
0 0 0 -0.0874034 -0.0493009 -0.0562547 0.00853647
0 0 1 -0.0430553 0.00977589 -0.0189441 -0.00706955
0 0 2 -0.0164943 0.00684288 0.0731423 -0.0142888
0 0 3 -0.0190517 -0.00607827 0.0289213 0.00961893
0 0 4 0.00178733 0.0199761 0.0120048 0.0296581
0 0 5 0.0570868 0.0501483 -0.0239408 0.0459198
0 0 6 0.0602575 0.0315185 -0.00251557 0.0358239
0 0 7 -0.00851507 -0.00500195 0.0314334 0.0173871
0 0 8 -0.00569638 0.00949921 0.0294115 0.00976245
0 0 9 -0.0158955 -0.00260774 0.0392171 0.0166407
0 0 10 0.00176097 -0.00267649 0.0136642 0.0164464
0 0 11 -0.0402816 0.00169936 0.0197027 -0.0038786
0 0 12 -0.0707548 -0.0279077 0.0245766 0.0119576
0 0 13 -0.0545009 -0.0140491 0.0219738 -0.00546418
0 0 14 -0.0186654 0.0230797 0.056478 -0.00929978
0 0 15 -0.00672826 -0.0292467 0.0228109 -0.0240205
0 0 16 0.000389327 -0.000217968 0.00469285 -0.0114814
0 0 17 0.0123234 0.0129322 -0.0149301 0.0251945
0 0 18 0.0631064 0.0316883 -0.0293872 0.0572941
0 0 19 0.0760598 0.0390728 0.0230122 0.036572
0 0 20 -0.0399693 -0.0325465 0.0381953 0.0166859
0 0 21 -0.0424482 0.0142918 0.0055789 0.0196775
0 0 22 0.0803185 0.0252004 0.0339932 -0.0834684
0 0 23 0.150902 0.0704863 0.0338119 -0.141568
0 0 24 0.177983 0.0375523 0.0192564 -0.154727
0 0 25 0.078286 0.0532603 -0.0128469 -0.0825797
0 0 26 0.0182074 0.0179695 -0.0351061 0.0413793
0 0 27 0.118791 0.0553666 0.0442472 0.0411073
0 0 28 0.0308147 0.0153131 0.0294664 -0.00288729
0 0 29 -0.00313054 -0.0110111 0.0445398 0.00491623
0 0 30 -0.00275527 0.0142958 0.00785934 0.0146157
0 0 31 0.0341592 0.0333074 -0.0434993 0.0211688
0 0 32 0.0613464 0.0156916 0.00202957 0.0314783
0 0 33 -0.0164324 -0.00895393 0.0103328 -0.00927833
0 0 34 -0.0150695 0.0070813 0.0247532 0.000239058
0 0 35 -0.0111458 0.00712748 0.0546944 -0.0073381
0 0 36 -0.0147131 -0.0008943 0.0522194 0.00281222
0 0 37 -0.0177437 -0.00947878 0.0170548 0.00343883
0 0 38 0.0316423 0.0244682 -0.00892841 0.003812
0 0 39 0.0870938 0.0298068 -0.00458546 0.0471294
0 0 40 0.0677048 0.0228388 0.0392915 0.0318852
0 0 41 0.0133205 0.00454127 0.0134953 0.0183704
0 0 42 0.0192422 0.0278138 0.00388301 0.000976419
0 0 43 0.00872359 0.0233662 0.0459096 0.00952252
0 0 44 -0.00296682 0.0271883 0.0290896 0.0183316
0 0 45 0.0247209 0.0127056 0.00657034 0.00707213
0 0 46 0.023656 0.0138819 0.0140247 0.0117806
0 0 47 0.0090963 -0.00503847 0.00218498 0.0258129
0 0 48 -0.0114154 -0.00884879 -0.00438171 0.024372
0 0 49 0.0172867 0.0158838 0.00692955 0.0170876
0 0 50 -0.0630205 -0.004288 0.0215749 0.019432
0 0 51 -0.0418568 -0.0169736 0.012415 0.0339841
0 0 52 -0.00180399 0.0299929 0.0106868 0.0161485
0 0 53 0.0151587 0.00542997 0.0260471 -0.0221488
0 0 54 -0.0208777 -0.0218714 0.0314187 -0.00355242
0 0 55 0.0369107 0.0246181 0.00175724 0.0260928
0 0 56 0.0823509 0.0623152 -0.0602393 0.054051
0 0 57 0.119853 0.0252751 0.00520581 0.0119553
0 0 58 0.0353072 -0.0178299 0.0162823 0.0241866
0 0 59 -0.0486127 -0.0130803 0.0400685 0.0164192
0 0 60 -0.066099 -0.0159922 -0.0177794 0.0238765
0 0 61 0.00492333 0.0184137 0.0231018 -0.0209423
0 0 62 -0.0158318 -0.00193184 0.0283269 -0.0177013
0 0 63 -0.05145 -0.031409 0.0246496 0.0340585
0 0 64 0.0317686 0.0181227 0.000958729 0.0158076
0 0 65 0.0493251 0.0280197 -0.0269091 1.94722e-05
0 0 66 0.0767457 -0.00365109 0.0117422 -0.0106572
0 0 67 0.0140172 0.0119119 -0.00509231 -0.000644087
0 0 68 0.0352881 0.0107038 -0.00786136 0.0227742
0 0 69 0.0648676 0.00926902 -0.0041613 0.0208339
0 0 70 0.0471562 0.00876426 0.0257459 0.00670468
0 0 71 0.0222363 0.0165054 0.0253652 0.0168596
0 0 72 -0.0240834 0.0209987 0.0145836 0.0131514
0 0 73 -0.0573367 -0.0143695 -0.0148666 0.0163349
0 0 74 -0.0484808 0.0274809 0.0177569 0.0262649
0 0 75 -0.0142714 -0.00222589 0.0154915 -0.029536
0 0 76 0.0211097 -0.013678 0.0223715 0.0271585
0 0 77 -0.00182702 0.00999212 0.011654 0.00877906
0 0 78 -0.00744684 0.00560525 -0.0597645 0.0525364
0 0 79 0.112659 0.0537024 0.0108913 -0.00889639
0 0 80 0.0325078 -0.00433232 0.0234711 0.00261082
0 0 81 0.0115736 -0.00891585 0.0183538 0.0230093
0 0 82 0.0108574 0.015505 -0.0176822 0.0134829
0 0 83 0.0606983 0.0144359 -0.0409037 0.0131207
0 0 84 0.0636871 -0.00793319 0.0219853 0.0288179
0 0 85 0.0114771 0.0104094 0.00416254 -0.00033614
0 0 86 0.0117232 0.000735445 0.00430299 0.0410589
0 0 87 -0.00815036 -0.00436248 0.0385374 -0.00718633
0 0 88 -0.0316805 -0.00508867 0.0136266 0.0157191
0 0 89 0.104421 -0.0279386 0.0456823 -0.149256
0 0 90 0.0798522 -0.0262162 0.0568602 -0.101024
0 0 91 0.132427 -0.0160499 0.0704166 -0.129357
0 0 92 0.0267367 -0.0286583 0.0526234 -0.0329143
0 0 93 0.00412632 -0.0243768 0.00786182 -0.00604734
0 0 94 0.00688281 -0.0220996 -0.0251464 -0.00329487
0 0 95 0.0533445 0.0164126 -0.0364195 0.0148692
0 0 96 0.0977987 0.00449727 0.0248656 0.0221335
0 0 97 0.0257299 0.00852322 0.00521402 0.0113685
0 0 98 0.00219355 -0.0179956 0.0402925 0.0059731
0 0 99 -0.022678 -0.00328702 0.0106999 0.00731811
0 0 100 0.0492173 0.0446918 0.0403443 -0.0189928
0 0 101 0.02978 -0.0069306 0.0243281 -0.0271968
0 0 102 -0.0101174 -0.012144 0.0292832 0.00618914
0 0 103 0.0247592 0.0199131 -0.00787047 0.00338214
0 0 104 0.0339167 0.00160095 -0.0630061 0.0223207
0 0 105 0.0606212 -0.00814744 0.0395186 0.0294635
0 0 106 -0.0307607 0.0121732 0.0114351 0.0269266
0 0 107 0.000852448 -0.00491129 0.026889 0.0124724
0 0 108 0.0110109 -0.00863639 0.00086267 -0.0029992
0 0 109 -0.00566338 0.0173135 0.020104 -0.00636546
0 0 110 -0.0354407 -0.00372634 0.0122512 0.0161498
0 0 111 -0.0305169 -0.00370039 0.0375328 0.00853192
0 0 112 0.00727429 0.0191975 -0.00761197 0.0169954
0 0 113 -0.0109716 0.0157004 0.0273286 0.00891657
0 0 114 -0.084311 -0.0288709 0.00223222 0.0348192
0 0 115 -0.0421287 0.0192002 0.00723446 0.0110386
0 0 116 -0.0280407 0.0280732 0.0499765 -0.0145961
0 0 117 -0.0237367 -0.010179 0.0164643 -0.00315743
0 0 118 0.0188904 0.0137364 0.000630809 0.00883311
0 0 119 0.0350467 0.0461068 -0.0464065 0.0156574
0 0 120 0.0711035 0.0202166 -0.00800158 0.014765
0 0 121 0.028502 0.000990861 0.00857774 0.00810287
0 0 122 0.0162886 -0.0291945 0.00348448 0.0190901
0 0 123 -0.0123304 -0.0169597 0.0245887 0.0180586
0 0 124 -0.0167478 -0.0313434 0.0210278 0.0160138
0 0 125 -0.0279641 -0.0275581 0.0276694 0.0181935
0 0 126 -0.0210179 -0.0204233 0.0198991 0.000539711
0 0 127 -0.0414809 -0.000818154 -0.00830758 0.00638778
0 0 128 -0.087895 -0.0357824 -0.00569581 0.0327309
0 0 129 -0.0479744 0.00898541 0.021956 0.0218989
0 0 130 -0.023027 -0.00881067 0.0347436 -0.0103583
0 0 131 -0.00634451 0.00316038 0.0210917 -0.0112012
0 0 132 0.0037041 0.0162406 0.00041317 0.00390109
0 0 133 0.0111261 0.0439814 -0.0237944 0.0304234
0 0 134 0.0916225 0.0352832 -0.0323636 0.0250745
0 0 135 0.0250618 0.00843309 0.00414716 0.0261454
0 0 136 -0.0129585 -0.0036409 -0.0061333 -0.00319463
0 0 137 -0.0435193 0.013177 0.00750291 -0.0135076
0 0 138 -0.0634017 -0.0248106 -0.0164124 0.0177333
0 0 139 0.00705335 0.0431359 0.0155449 0.00970034
0 0 140 0.00312113 0.0138954 0.0127973 -0.0301757
0 0 141 -0.012025 -0.0148178 0.00774822 0.011224
0 0 142 -0.00872802 0.0101587 -0.0231734 -0.00430668
0 0 143 0.0381087 0.0154824 -0.0648334 0.00255526
0 0 144 0.0931759 0.0209948 0.00284111 0.00607042
0 0 145 0.0124453 0.00439637 -0.0124297 0.0274855
0 0 146 -0.0390848 -0.012813 -0.00945934 0.0241015
0 0 147 -0.0182502 -0.0193183 -0.0104299 -0.00301981
0 0 148 0.000497512 -0.00775221 -0.0020438 0.00624113
0 0 149 -0.00792288 0.0204586 0.00662839 0.0251555
0 0 150 0.0160072 -0.00769213 0.00549835 0.0140815
0 0 151 0.002128 0.021704 0.0064329 0.0234394
0 0 152 0.0172379 -0.0217327 -0.0250892 0.000295665
0 0 153 -0.0292192 0.0162296 -0.00865775 -0.00569266
0 0 154 -0.0882252 -0.0414319 -0.0240601 0.00092553
0 0 155 -0.022753 -0.0107384 0.000676105 -0.0150833
0 0 156 0.106819 -0.00910227 0.0321136 -0.120036
0 0 157 0.0900835 -0.0581698 0.0221397 -0.106632
0 0 158 0.1005 -0.0438626 -0.000294662 -0.0956652
0 0 159 0.0262096 0.000995228 -0.0340038 -0.0129465
0 0 160 0.101341 0.0395396 -0.0242828 0.00254293
0 0 161 0.0353434 -0.00716523 0.0018227 -0.00570017
0 0 162 -0.0183122 -0.0134896 -0.0277439 0.0106407
0 0 163 0.0137096 0.0189881 0.00880655 -0.00186483
0 0 164 -0.0135684 -0.00732126 -0.00805129 0.0149223
0 0 165 -0.0103426 0.0141762 -0.0130536 -0.0390893
0 0 166 -0.0502609 -0.000187759 -0.0119316 -0.0172648
0 0 167 0.0280753 0.0261661 -0.00282339 -0.0249
0 0 168 -0.0070236 0.00469523 0.038832 -0.0425054
0 0 169 -0.010509 -0.0419575 0.0225295 -0.00200103
0 0 170 0.00377036 0.00275906 -0.0164203 -0.02125
0 0 171 0.0209533 0.0310153 -0.0489683 -0.0196302
0 0 172 0.098508 0.0115751 -0.00767811 0.011688
0 0 173 0.0565989 0.00197493 -0.0259187 -0.00452727
0 0 174 0.035604 -0.0137546 0.0168845 0.00469638
0 0 175 -0.0437018 -0.0176693 -0.0113711 -0.00525149
0 0 176 -0.0784639 -0.0272059 -0.0152052 0.0157613
0 0 177 -0.0366004 0.00400549 0.0281921 -0.0134395
0 0 178 -0.0365691 -0.00819304 0.00537377 -0.00918836
0 0 179 -0.0563618 -0.0116703 0.00376337 -0.0150488
0 0 180 -0.0390786 -0.0277357 -0.0466239 -0.00348468
0 0 181 0.0246804 0.0481164 -0.0323313 0.0136148
0 0 182 0.0406379 0.00363821 0.0276744 0.0136918
0 0 183 -0.0256159 -0.0291368 -0.00910685 -0.0107132
0 0 184 0.0124821 0.00803043 -0.00374967 -0.0269889
0 0 185 0.040864 0.00260159 -0.059163 -0.00433139
0 0 186 0.0999316 0.00484744 -0.0161402 0.00137269
0 0 187 0.0484063 0.0122108 -0.0271123 0.00569276
0 0 188 0.0606381 0.00913879 -0.0326173 0.00835889
0 0 189 0.0387321 -0.0194501 -0.0312607 0.000470523
0 0 190 0.0175655 -0.0251841 0.0108264 0.00779253
0 0 191 -0.0286286 -0.0396699 -0.017405 -0.0143847
0 0 192 -0.0495196 -0.0450238 -0.0136677 -0.00417516
0 0 193 -0.0713344 -0.0266805 -0.0148621 0.0130082
0 0 194 -0.0255584 -0.0118372 0.0173036 -0.0095731
0 0 195 -0.00849169 -0.0450031 -0.00710737 -0.0100312
0 0 196 0.00723167 -0.0306884 -0.0104995 -0.0259465
0 0 197 0.00390463 -0.0194506 -0.0455656 -0.0151716
0 0 198 0.0424095 0.000318352 -0.0362758 -0.00652466
0 0 199 0.103179 -0.00486365 -0.00561271 0.0112473
0 0 200 0.0575619 -0.015802 -0.0210154 -0.0165055
0 0 201 0.0242871 -0.00800489 0.00652751 0.0021701
0 0 202 -0.0527614 -0.0213841 -0.0084466 0.00738219
0 0 203 -0.0577081 -0.0132047 -0.0338995 -0.0166585
0 0 204 -0.00190547 -0.0180847 -0.00515989 0.0139439
0 0 205 -0.0246088 -0.0382077 0.0296938 -0.0125482
0 0 206 -0.028113 -0.0148978 -0.0208534 0.0125566
0 0 207 0.00310496 0.0340212 0.00158053 -0.0146554
0 0 208 0.0288146 0.0228594 -0.0674991 0.0134374
0 0 209 0.0392407 0.019232 0.0199208 -0.00204828
0 0 210 0.00477975 -0.0086229 -0.0281201 -0.0102334
0 0 211 0.00509113 -0.0106245 -0.0250917 -0.000506234
0 0 212 0.0732744 -0.00316367 -0.00516486 0.0104154
0 0 213 -0.00418794 0.00512942 -0.00991326 0.0289913
0 0 214 -0.0432872 -0.038945 -0.0282856 -0.00659011
0 0 215 -0.0710875 -0.0168114 -0.00881999 0.0142385
0 0 216 -0.052529 -0.00578551 -0.000831623 0.0101144
0 0 217 -0.0291258 0.00024389 0.00446931 -0.0275
0 0 218 0.0195191 -0.0240846 -0.0136771 -0.0130068
0 0 219 -0.0278791 -0.0206244 -0.011584 -0.0164079
0 0 220 -0.0166729 -0.0250572 -0.0682855 0.0108699
0 0 221 0.0121095 0.00290538 -0.0647222 0.0119287
0 0 222 0.0921772 0.000411586 0.000120117 -0.0601994
0 0 223 0.0295387 -0.02718 0.0020435 -0.0770368
0 0 224 0.0646762 0.000228258 0.00460096 -0.0624248
0 0 225 0.049035 0.0283324 -0.0377775 -0.0412213
0 0 226 0.0772875 0.0270162 -0.0128393 0.00671301
0 0 227 0.0585817 -0.000184793 -0.0306908 -0.00157828
0 0 228 0.035703 -0.0216085 -0.039855 0.0104634
0 0 229 -0.019928 0.0144306 -0.00617459 -0.0101139
0 0 230 -0.0154502 0.00730838 -0.00523028 0.00942304
0 0 231 -0.0280893 -0.0228438 -0.0123909 -0.0191856
0 0 232 -0.0116369 0.00122449 -0.0681434 0.00361916
0 0 233 0.00188983 -0.0181713 -0.0530613 -0.0387291
0 0 234 0.00591505 0.0162712 -0.0150645 -0.0510886
0 0 235 -0.00161264 -0.0322511 0.00756415 -0.0393177
0 0 236 0.0350004 0.00259752 -0.0142513 0.00290843
0 0 237 0.0323451 0.0248774 -0.0406904 0.00538585
0 0 238 0.0989385 0.0320015 -0.0386755 0.00489594
0 0 239 0.0859077 0.0267976 -0.0229939 0.0189927
0 0 240 -0.0062922 -0.00988158 -0.0235477 0.0103963
0 0 241 -0.0258311 -0.00303124 -0.025965 -0.0241901
0 0 242 -0.0519077 -0.0260782 -0.0456372 -0.00896302
0 0 243 -0.00449453 0.016984 -0.00629111 -0.0262767
0 0 244 -0.0165566 0.00447771 0.00555485 -0.0295726
0 0 245 -0.0891949 -0.0227445 -0.0240057 -0.0190693
0 0 246 -0.010579 0.028435 -0.0281759 0.00329211
0 0 247 0.0288668 0.0179274 -0.0385384 -0.0172293
0 0 248 0.0937319 -0.00534091 -0.0226013 0.0139129
0 0 249 -0.00550728 0.0121937 -0.0211326 -0.0167034
0 0 250 -0.015191 0.0103221 -0.0753666 0.0029595
0 0 251 0.10473 0.00571308 -0.0238553 0.0110051
0 0 252 0.0414622 0.00150407 -0.0384578 0.000988634
0 0 253 -0.00051607 -0.00528303 -0.0162385 -0.00588922
0 0 254 -0.0123819 0.022047 -0.000553225 0.0129104
0 0 255 -0.0843303 -0.00831157 -0.0236811 0.00593453
0 0 256 0.00775035 0.0362326 0.00338868 0.00967768
0 0 257 -0.0396126 -0.00500282 0.0400138 -0.0288883
0 0 258 -0.0201263 -0.0154111 -0.00611097 0.0165453
0 0 259 -0.0238712 0.00377617 0.00658515 -0.0275444
0 0 260 -0.0310303 -0.00238801 -0.0535699 -0.00482264
0 0 261 0.0794044 -0.00786469 -0.00395227 -0.0174262
0 0 262 -0.0203066 -0.0209622 -0.00121713 -0.0109421
0 0 263 -0.024208 -0.0138872 -0.00920863 -0.00396125
0 0 264 0.0330394 -0.0192492 0.00432403 -0.0117137
0 0 265 0.0115207 0.026715 -0.00358338 -0.0133587
0 0 266 0.00434447 -0.0288129 -0.0159679 -0.00520047
0 0 267 -0.0643466 -0.029704 -0.00946921 -0.00965815
0 0 268 -0.0867691 -0.0383737 -0.0446377 -0.00344268
0 0 269 -0.0308978 0.0133104 0.00278305 0.00909361
0 0 270 0.0128896 -0.00903153 -0.00029904 -0.0176993
0 0 271 -0.0384043 -0.0446438 -0.0124208 -0.0139245
0 0 272 -0.0122851 0.00101743 -0.0515929 0.00193168
0 0 273 0.00914427 0.0184847 -0.066139 -0.00685748
0 0 274 0.101889 0.0164961 0.00674247 -0.00375518
0 0 275 -0.0443631 -0.0250289 0.00473579 0.0024653
0 0 276 0.00762405 0.0246313 -0.0244803 -0.000691101
0 0 277 0.01754 0.0154932 -0.0623182 -0.0142538
0 0 278 0.096856 -0.0139581 -0.0099924 0.0153474
0 0 279 -0.0372985 -0.0331043 -0.0349268 -0.00794374
0 0 280 -0.0526376 0.00154367 0.00190978 0.00397462
0 0 281 -0.100046 -0.00541555 -0.0164953 -0.00459268
0 0 282 -0.00112526 0.00447088 -0.00567373 -0.0160019
0 0 283 -0.049684 -0.0317934 0.000939937 -0.00537365
0 0 284 -0.010232 -0.0116381 -0.0398486 0.008417
0 0 285 -0.0457251 -0.0131361 -0.0717012 0.00403226
0 0 286 0.0770988 0.0502089 -0.023987 0.0169282
0 0 287 0.0473995 -0.000242985 -0.01219 -0.0189066
0 0 288 0.0255007 0.0131307 -0.0159915 -0.0160258
0 0 289 0.037397 0.0162553 -0.0142245 -0.0582003
0 0 290 0.0901159 0.0360801 -0.00575577 -0.0241864
0 0 291 0.0486086 0.0229794 0.00590168 -0.0125738
0 0 292 -0.0200175 -0.0210094 -0.0373426 -0.0107594
0 0 293 -0.108036 -0.0368175 -0.0280424 0.00254956
0 0 294 -0.00490823 0.00905179 -0.0265917 -0.0209909
0 0 295 -0.0406049 -0.00311305 0.00307879 -0.00285898
0 0 296 -0.05996 -0.0364018 -0.0330261 0.00222858
0 0 297 -0.0398778 0.0267934 -0.01966 -0.0308736
0 0 298 0.041028 0.0354553 -0.101031 -0.0159279
0 0 299 0.0909366 0.00920595 -0.0042923 -0.00149007
0 0 300 0.0664924 0.0141568 -0.0330072 0.00397088
0 0 301 0.0149426 -0.0085207 -0.0299688 -0.0144874
0 0 302 0.0861654 0.0301961 -0.00182222 0.00953339
0 0 303 0.0188132 -0.0352957 -0.0285403 0.0021375
0 0 304 0.0698257 0.0437213 -0.0331746 0.00631704
0 0 305 -0.0281996 -0.0267904 -0.00140029 0.00284457
0 0 306 -0.014149 -0.0018196 -0.0291286 0.00790244
0 0 307 -0.0272237 0.00518434 0.00025225 -0.00782473
0 0 308 0.00185202 -0.0260785 -0.0107061 0.011333
0 0 309 -0.0572631 -0.0478099 -0.0135922 -0.0116686
0 0 310 0.0328814 0.0317961 -0.0125717 -0.0114247
0 0 311 -0.0378896 -0.030528 -0.0695235 -0.0282357
0 0 312 0.141454 0.0499768 0.00494749 0.00930591
0 0 313 0.0187734 -0.0335298 -0.0425316 -0.0191928
0 0 314 0.132495 0.0195439 -0.0301625 0.0208118
0 0 315 0.00766916 -0.0167714 -0.0100896 -0.00896297
0 0 316 0.118562 0.0285225 -0.043416 0.0351914
0 0 317 -0.0402069 -0.0668681 0.0037467 -0.0266763
0 0 318 0.111332 0.0294037 -0.0161899 0.0205312
0 0 319 -0.000421553 -0.0560169 -0.0121145 -0.041858
0 0 320 0.914603 0.0630241 -0.00472595 0.0625042
0 0 321 3.28053 0.158641 -0.0672002 -0.106576
0 0 322 7.91221 2.14098 0.097952 0.0357805
0 0 323 6.04358 0.955801 -0.209821 -0.0101656
0 0 324 3.00625 -0.395032 0.0219096 -0.0597976
0 0 325 3.58269 0.360158 -0.11373 0.0713073
0 0 326 2.74418 0.671911 0.000771104 -0.0869014
0 0 327 1.86097 0.19839 -0.0497996 0.0514982
0 0 328 1.43393 0.13577 -0.0366113 -0.0400573
0 0 329 2.22459 0.86499 -0.0145354 0.0267321
0 0 330 2.53988 1.30212 -0.00846961 -0.0210988
0 0 331 2.52066 0.772085 -0.0160659 -0.0140858
0 0 332 2.11266 0.415298 -0.00288915 0.0183701
0 0 333 2.04392 0.297825 -0.0364666 -0.00480495
0 0 334 2.00547 -0.211096 -0.013406 0.026356
0 0 335 2.52203 -0.166891 -0.0359869 0.00467118
0 0 336 4.90816 0.720767 0.0377931 -0.0359768
0 0 337 3.99994 0.887795 -0.0798921 0.0123282
0 0 338 1.39654 0.253074 0.0230723 -0.0649498
0 0 339 0.676895 0.124645 -0.0075809 0.0128132
0 0 340 0.203215 0.0723047 -0.048146 -0.0356953
0 0 341 0.276301 0.107434 -0.0873667 0.0289575
0 0 342 0.160509 0.0225492 -0.0302812 -0.0265605
0 0 343 0.179113 0.0591524 -0.006263 0.0433345
0 0 344 0.0333617 0.00256545 -0.0211946 -0.0229218
0 0 345 0.106929 0.0346809 -0.0117704 0.024443
0 0 346 0.00816657 -0.00224883 -0.030818 0.00615961
0 0 347 0.0540774 0.0343824 -0.00200702 0.0131616
0 0 348 -0.012287 -0.00901629 -0.00817544 -0.0464923
0 0 349 0.0516488 0.0166888 -0.022657 0.00801965
0 0 350 0.0472195 0.0337204 -0.0320879 -0.00674164
0 0 351 0.110482 0.0619356 -0.0794168 -0.00179978
0 0 352 0.0900929 0.0240213 -0.0113146 -0.0156531
0 0 353 0.0321011 0.0190258 -0.0206525 0.0136754
0 0 354 0.0900299 0.0250472 -0.0541804 0.00981467
0 0 355 0.134185 0.031221 -0.0157247 -0.0158244
0 0 356 0.163513 0.0654792 -0.0402042 -0.0101012
0 0 357 0.188 0.11408 -0.0127301 -0.0185596
0 0 358 0.0891763 0.0633792 -0.0446503 -0.0206968
0 0 359 0.0226622 0.0116514 -0.0151479 0.0242199
0 0 360 0.0159355 0.0118035 0.000115797 0.00402634
0 0 361 0.0296747 -0.0161509 -0.0286974 -0.0139617
0 0 362 -0.0110256 -0.0130654 -0.0250932 0.00615719
0 0 363 -0.00170092 -0.000679449 -0.0374947 -0.00582528
0 0 364 0.0426477 0.00792113 -0.0787142 -0.0127962
0 0 365 0.136316 0.0381584 -0.00196544 0.000123535
0 0 366 0.0470656 -0.00717139 -0.0615707 -0.0280494
0 0 367 0.0893315 0.0242061 -0.0196274 0.020538
0 0 368 0.0358629 -0.0113245 -0.0104256 -0.0300786
0 0 369 0.061096 0.0151281 -0.0197711 0.0148022
0 0 370 0.023779 0.016242 -0.0194292 -0.00700307
0 0 371 -0.00346009 -0.00643379 -0.0503799 0.0281857
0 0 372 0.0434675 -0.0081272 -0.00789294 0.00758667
0 0 373 -0.0218274 -0.0215611 -0.0079949 0.00152702
0 0 374 -0.005012 -0.0426922 -0.0189235 0.00742164
0 0 375 0.0527155 0.0173799 -0.00844462 -0.0198249
0 0 376 0.0487649 -0.01649 -0.112768 0.00376466
0 0 377 0.151012 0.023373 -0.0385732 -0.00596832
0 0 378 0.0161414 -0.0258627 -0.0440067 -0.00943077
0 0 379 0.119079 0.0184526 -0.0350513 -0.0130216
0 0 380 0.0834671 -0.0163375 -0.0400277 -0.0171647
0 0 381 0.110692 0.0339432 -0.0439054 0.0135026
0 0 382 0.0867131 -0.0478134 -0.0747143 -0.00191744
0 0 383 0.0234971 -0.019116 -0.0174067 -0.00951048
0 0 384 -0.017529 0.0123789 -0.0616667 0.00475655
0 0 385 0.0543541 0.0362809 0.0166288 -0.0195382
0 0 386 0.0556941 -0.00971488 -0.0148629 -0.017917
0 0 387 0.0333433 -0.00621281 -0.0526344 -0.0152969
0 0 388 -0.0159202 -0.00141469 -0.0756069 -0.0192663
0 0 389 0.0597524 0.0109275 -0.0630854 -0.0286225
0 0 390 0.156978 -0.00723395 -0.0181395 -0.013073
0 0 391 0.111128 0.00723246 -0.0238605 -0.0045582
0 0 392 0.113103 -0.0250824 -0.018715 -0.0315585
0 0 393 0.14646 0.0314841 -0.0576586 -0.00274024
0 0 394 0.215432 0.032515 -0.0170404 -0.0191985
0 0 395 0.116536 0.0105941 -0.0393921 0.0192499
0 0 396 0.0569216 -0.0177777 -0.0216857 0.000852651
0 0 397 0.0809998 -0.00421671 -0.0159889 0.0087935
0 0 398 0.100387 -0.0467215 -0.00275374 -0.0383797
0 0 399 0.0390025 -0.0414081 -0.0320013 -0.0328223
0 0 400 0.0222143 -0.0361929 -0.0397851 -0.0296754
0 0 401 0.0354706 -0.0404406 -0.0721219 -0.006947
0 0 402 0.10411 -0.0209735 -0.0416348 -0.00769903
0 0 403 0.118739 -0.00505228 -0.026907 -0.0226792
0 0 404 0.0253063 -0.0510481 -0.0141334 -0.0284839
0 0 405 0.0547569 -0.0180781 -0.046808 -0.023943
0 0 406 0.109052 -0.0083773 -0.0878349 0.00274944
0 0 407 0.195107 0.0105535 -0.102647 0.00352472
0 0 408 0.154673 -0.0102068 -0.0703054 0.00626772
0 0 409 0.130846 -0.0097343 -0.0561813 0.0115027
0 0 410 0.0591403 -0.0430552 -0.026195 0.00301783
0 0 411 0.135568 0.0225985 -0.0387072 0.0109981
0 0 412 0.140021 -0.0213398 -0.0141111 -0.0344795
0 0 413 0.165724 -0.0255244 -0.0325664 -0.0101912
0 0 414 0.0578231 0.00993651 -0.0477742 0.00564681
0 0 415 0.0952565 0.0101198 -0.0845404 -0.0130033
0 0 416 0.260507 0.00801451 0.00572462 -0.0215047
0 0 417 0.200015 0.0021605 -0.00740304 0.0406678
0 0 418 0.263809 -0.0203273 0.00721081 -0.0169971
0 0 419 0.204822 0.0206957 -0.087323 -0.0187191
0 0 420 0.26599 0.0429569 -0.0132742 0.00100288
0 0 421 0.215221 0.0198815 -0.02769 0.0235514
0 0 422 0.346763 0.0253884 0.00207312 -0.0514688
0 0 423 0.329021 0.044326 -0.00916563 -0.0517737
0 0 424 0.307155 0.0549762 -0.0518928 -0.0484432
0 0 425 0.31192 0.0923471 -0.0366234 -0.0298547
0 0 426 0.22589 0.00324906 0.0334564 -0.0502106
0 0 427 0.227688 -0.0383754 0.0112867 0.00819636
0 0 428 0.220966 0.0290193 -0.0220023 -0.0218281
0 0 429 0.232143 0.055246 -0.0872535 -0.0278864
0 0 430 0.221847 0.00725966 -0.0119296 0.0167784
0 0 431 0.253589 0.00257105 -0.00137948 -0.0121767
0 0 432 0.241702 0.0191447 -0.0285169 -0.0286279
0 0 433 0.347728 0.050881 -0.0234847 -0.00392619
0 0 434 0.289972 0.0260673 -0.0138098 -0.0224379
0 0 435 0.214151 -0.000977541 -0.029912 -0.00450869
0 0 436 0.0851479 -0.0288853 -0.0437108 0.0137678
0 0 437 0.11597 -0.0178481 -0.0252282 0.00474262
0 0 438 0.0821919 -0.0454819 -0.0282647 -0.0197621
0 0 439 0.0141814 -0.0503051 -0.0498494 -0.0146388
0 0 440 0.0308661 -0.00271654 -0.0206298 -0.0239769
0 0 441 0.0322771 -0.0517507 -0.0119398 -0.0155375
0 0 442 0.0830461 -0.0372516 -0.0386113 -0.0255925
0 0 443 0.126146 0.00249717 -0.0351678 0.0117332
0 0 444 0.152532 -0.00206133 -0.0834342 0.000842507
0 0 445 0.181683 -0.0179481 -0.0314137 0.0287337
0 0 446 0.0842931 -0.0256376 -0.0443858 0.0216069
0 0 447 0.101852 -0.00372787 -0.0474726 0.0123692
0 0 448 0.0548974 -0.0454864 -0.0285994 -0.00750444
0 0 449 0.083338 -0.011213 -0.0220487 -0.00601661
0 0 450 0.0364995 -0.000870911 -0.0759326 0.00122019
0 0 451 0.0127106 -0.0182564 -0.0415946 -0.000664235
0 0 452 0.0190265 -0.0212667 -0.032763 0.0146247
0 0 453 0.0120623 -0.0292883 -0.0487639 -0.0108142
0 0 454 0.000831026 -0.0365438 -0.0336961 0.0158079
0 0 455 0.0249017 0.00451766 -0.0102715 -0.0144699
0 0 456 -0.00175632 -0.0243053 -0.0367949 -0.000412471
0 0 457 0.0454872 -0.0287161 -0.0306424 -0.022531
0 0 458 0.0930593 0.0195582 -0.074937 -0.0250742
0 0 459 0.185538 0.0418462 -0.0584894 0.020366
0 0 460 0.135136 -0.0106421 -0.0694312 0.00244767
0 0 461 0.0700113 -0.00551305 -0.00820076 0.00858737
0 0 462 -0.00627715 -0.0243809 -0.0603901 0.0127125
0 0 463 0.0414551 0.0128132 -0.0308569 -0.00326105
0 0 464 0.0593295 0.0026486 -0.034328 -0.0230302
0 0 465 0.0710854 0.00435681 -0.00801761 -0.0136498
0 0 466 0.00643646 -0.0167169 -0.0187311 0.00794002
0 0 467 0.0963541 0.0137649 -0.0923888 -0.0243601
0 0 468 0.146441 0.00959807 -0.0617663 0.00731556
0 0 469 0.0743983 -0.0115806 -0.0706701 0.0154101
0 0 470 0.0225165 -0.0173495 -0.0311486 -0.0206394
0 0 471 0.0455309 -0.0241364 -0.0285121 0.0260412
0 0 472 -0.0351941 -0.0124003 -0.0390095 0.0277118
0 0 473 0.017938 -0.00364628 -0.0514758 0.00203657
0 0 474 0.0281141 -0.0147082 -0.0447274 -0.00120085
0 0 475 0.0394894 -0.0189999 -0.0525075 -0.00141458
0 0 476 -0.0238669 -0.0237945 -0.009899 0.00769227
0 0 477 -0.0838158 -0.0449239 -0.0107573 0.00270669
0 0 478 -0.0778445 -0.0154168 -0.0716213 -0.00687518
0 0 479 -0.0122224 0.00216963 -0.0354937 0.00561101
0 0 480 -0.0102176 -0.0107665 -0.011691 -0.0210614
0 0 481 -0.00589999 -0.0130599 -0.0443614 0.00827942
0 0 482 0.0159077 0.022799 -0.0195629 -0.0218116
0 0 483 0.0305968 0.0096924 -0.0801231 -0.0244563
0 0 484 0.11356 -0.000716902 -0.0632285 -0.0264864
0 0 485 0.082407 -0.00858585 -0.0354079 0.00509009
0 0 486 -0.0016832 -0.0348056 -0.0352949 -0.00700804
0 0 487 -0.0573584 -0.0274066 -0.0393536 -0.0125647
0 0 488 -0.065369 -0.0280091 -0.0466148 0.00196406
0 0 489 0.0228246 -0.020797 -0.0224955 -0.0378837
0 0 490 -0.00318029 -0.0391698 -0.00975407 -0.0725478
0 0 491 -0.00284027 -0.0619502 -0.0593674 -0.0308273
0 0 492 -0.0357093 0.0147192 -0.0605121 -0.0197147
0 0 493 0.00403922 0.020112 -0.104309 -0.00538999
0 0 494 0.0511832 -0.00450554 -0.0271274 0.000839411
0 0 495 0.00937535 -0.0103819 -0.0505188 -0.0234232
0 0 496 0.0177765 -0.0042037 -0.0740264 -0.0144622
0 0 497 0.0921449 0.0254455 -0.0665211 0.00737657
0 0 498 0.0475585 0.00485636 -0.069736 -0.0109282
0 0 499 0.0853791 0.0479441 -0.067155 -0.0154604
0 0 500 0.0618344 0.0584291 -0.0396402 -0.0307875
0 0 501 0.0415335 0.0364488 -0.0437791 -0.00877013
0 0 502 -0.0224778 0.0226274 -0.0320096 -0.0127206
0 0 503 -0.0914307 -0.0372024 -0.0533005 0.00632492
0 0 504 -0.0378609 0.0155596 -0.0468547 0.00776517
0 0 505 -0.0258118 -0.00198532 -0.0392914 -0.0239412
0 0 506 0.00922686 -0.0153032 -0.0116894 -0.00972075
0 0 507 -0.00333321 -0.0201583 -0.0225102 -0.0298826
0 0 508 -0.0115193 0.0142695 -0.0618003 -0.0104239
0 0 509 0.10304 0.0337766 -0.0548632 -0.0201598
0 0 510 0.0762669 -0.0134094 -0.0316258 -0.0187898
0 0 511 -0.0354777 -0.0253129 -0.0322343 0.00337961
